01 0
01 0
01 0
01 0
01 0
01 0
01 0
01 0
00000200 32
130400000000000000 72
130400000000000000 72
130400000000000000 72
130400000000000000 72
130400000000000000 72
130400000000000000 72
130400000000000000 72
130400000000000000 72
130400000000000000 72
130400000000000000 72
130400000000000000 72
130400000000000000 72
130400000000000000 72
130400000000000000 72
130400000000000000 72
130400000000000000 72
130400000000000000 72
130400000000000000 72
130400000000000000 72
130400000000000000 72
130400000000000000 72
130400000000000000 72
130400000000000000 72
130400000000000000 72
130400000000000000 72
130400000000000000 72
130400000000000000 72
130400000000000000 72
130400000000000000 72
130400000000000000 72
130400000000000000 72
130400000000000000 72
130400000000000000 72
130400000000000000 72
130400000000000000 72
130400000000000000 72
130400000000000000 72
130400000000000000 72
130400000000000000 72
130400000000000000 72
130400000000000000 72
130400000000000000 72
130400000000000000 72
130400000000000000 72
130400000000000000 72
130400000000000000 72
130400000000000000 72
130400000000000000 72
130400000000000000 72
130400000000000000 72
130400000000000000 72
130400000000000000 72
130400000000000000 72
130400000000000000 72
130400000000000000 72
130400000000000000 72
130400000000000000 72
130400000000000000 72
130400000000000000 72
130400000000000000 72
130400000000000000 72
130400000000000000 72
130400000000000000 72
130400000000000000 72
130400000000000000 72
130400000000000000 72
130400000000000000 72
130400000000000000 72
130400000000000000 72
130400000000000000 72
130400000000000000 72
130400000000000000 72
130400000000000000 72
130400000000000000 72
130400000000000000 72
130400000000000000 72
130400000000000000 72
130400000000000000 72
130400000000000000 72
130400000000000000 72
130400000000000000 72
130400000000000000 72
130400000000000000 72
130400000000000000 72
130400000000000000 72
130400000000000000 72
130400000000000000 72
130400000000000000 72
130400000000000000 72
130400000000000000 72
130400000000000000 72
130400000000000000 72
130400000000000000 72
130400000000000000 72
130400000000000000 72
13040C010000000000 72
13040C010000000000 72
13040C010000000000 72
13040C010000000000 72
13040C010000000000 72
13040C010000000000 72
13040C010000000000 72
13040C010000000000 72
13040C010000000000 72
13040C010000000000 72
13040C010000000000 72
13040C010000000000 72
13040C010000000000 72
13040C010000000000 72
13040C010000000000 72
13040C010000000000 72
13040C010000000000 72
13040C010000000000 72
13040C010000000000 72
13040C010000000000 72
13040C010000000000 72
13040C010000000000 72
13040C010000000000 72
13040C010000000000 72
13040C010000000000 72
13040C010000000000 72
13040C010000000000 72
13040C010000000000 72
13040C010000000000 72
13040C010000000000 72
13040C010000000000 72

13040C010501000000 72
13040C010501000000 72
13040C010501000000 72
13040C010501000000 72
13040C010501000000 72
13040C010501000000 72
13040C010501000000 72
13040C010501000000 72
13040C010501000000 72
13040C010501000000 72
13040C010501000000 72
13040C010501000000 72
13040C010501000000 72
13040C010501000000 72
13040C010501000000 72
13040C010501000000 72
13040C010501000000 72
13040C010501000000 72
13040C010501000000 72
13040C010501000000 72
13040C010501000000 72
13040C010501000000 72
13040C010501000000 72
13040C010501000000 72
13040C010501000000 72
13040C010501000000 72
13040C010501000000 72
13040C010501000000 72
13040C010501000000 72
13040C010501000000 72
13040C010501000000 72
13040C010501000000 72
13040C010501000000 72
13040C010501000000 72
13040C010501000000 72
13040C010501000000 72
13040C010501000000 72
13040C010501000000 72
13040C010501000000 72
13040C010501000000 72
13040C010501000000 72

13040C010601050100 72
13040C010601050100 72
13040C010601050100 72
13040C010601050100 72
13040C010601050100 72
13040C010601050100 72
13040C010601050100 72
13040C010601050100 72
13040C010601050100 72
13040C010601050100 72
13040C010601050100 72
13040C010601050100 72
13040C010601050100 72
13040C010601050100 72
13040C010601050100 72
13040C010601050100 72
13040C010601050100 72
13040C010601050100 72
13040C010601050100 72
13040C010601050100 72
13040C010601050100 72
13040C010601050100 72
13040C010601050100 72
13040C010601050100 72
13040C010601050100 72
13040C010601050100 72
13040C010601050100 72
13040C010601050100 72
13040C010601050100 72
13040C010601050100 72
13040C010601050100 72
13040C010601050100 72
13040C010601050100 72
13040C010601050100 72
13040C010601050100 72
13040C010601050100 72
13040C010601050100 72
13040C010601050100 72
13040C010601050100 72
13040C010601050100 72
13040C010601050100 72
13040C010601050100 72
13040C010601050100 72
13040C010601050100 72
13040C010601050100 72
13040C010601050100 72
13040C010601050100 72
13040C010601050100 72
13040C010601050100 72
13040C010601050100 72
13040C010601050100 72
13040C010601050100 72
13040C010601050100 72
130400000000000010 72
130400000000000010 72
130400000000000010 72
130400000000000010 72
130400000000000010 72
130400000000000010 72
130400000000000010 72
130400000000000010 72
130400000000000010 72
130400000000000010 72
130400000000000010 72
130400000000000010 72
130400000000000010 72
130400000000000010 72
130400000000000010 72
130400000000000010 72
130400000000000010 72
130400000000000010 72
130400000000000010 72
130400000000000010 72
130400000000000010 72
130400000000000010 72
130400000000000010 72
130400000000000010 72
130400000000000010 72
130400000000000010 72
130400000000000010 72
13040C010701060100 72
13040C010701060100 72
13040C010701060100 72
130400000000000000 72
130400000000000000 72
130400000000000000 72
130400000000000000 72
130400000000000000 72
130400000000000000 72
130400000000000000 72
130400000000000000 72
130400000000000000 72
130400000000000000 72
130400000000000000 72
130400000000000000 72
130400000000000000 72
130400000000000000 72
130400000000000000 72
130400000000000000 72
130400000000000000 72
130400000000000000 72
130400000000000000 72
130400000000000000 72
130400000000000000 72
130400000000000000 72
130400000000000000 72
130400000000000000 72
130400000000000000 72
130400000000000000 72
130400000000000000 72
130400000000000000 72
130400000000000000 72
130400000000000000 72
130400000000000000 72
130400000000000000 72
130400000000000000 72
130400000000000000 72
130400000000000000 72
130400000000000000 72
130400000000000000 72
130400000000000000 72
130400000000000000 72
130400000000000000 72
130400000000000000 72
130400000000000000 72
130400000000000000 72
130400000000000000 72
130400000000000000 72
130400000000000000 72
130400000000000000 72
130400000000000000 72
130400000000000000 72
130400000000000000 72
130400000000000000 72
130400000000000000 72
130400000000000000 72
130407080000000000 72
130407080000000000 72
130407080000000000 72
130407080000000000 72
130407080000000000 72
130407080000000000 72
130407080000000000 72
130407080000000000 72
130407080000000000 72
130407080000000000 72
130407080000000000 72
130407080000000000 72
130407080000000000 72
130407080000000000 72
130407080000000000 72
130407080000000000 72
130407080000000000 72
130407080000000000 72
130407080000000000 72
130407080000000000 72
130407080000000000 72
130407080000000000 72
130407080000000000 72
130407080000000000 72
130407080000000000 72
130407080000000000 72
130407080000000000 72
130407080000000000 72
130407080000000000 72
130407080000000000 72
130407080000000000 72
130407080000000000 72
130408080708000000 72
130408080708000000 72
130408080708000000 72
130408080708000000 72
130408080708000000 72
130408080708000000 72
130408080708000000 72
130408080708000000 72
130408080708000000 72
130408080708000000 72
130408080708000000 72
130408080708000000 72
130408080708000000 72
130408080708000000 72
130408080708000000 72
130408080708000000 72
130408080708000000 72
130408080708000000 72
130408080708000000 72
130408080708000000 72
130408080708000000 72
130408080708000000 72
130408080708000000 72
130409080808070800 72
130409080808070800 72
130409080808070800 72
130409080808070800 72
130409080808070800 72
130409080808070800 72
130409080808070800 72
130409080808070800 72
130409080808070800 72
130409080808070800 72
130409080808070800 72
130409080808070800 72
130409080808070800 72
130409080808070800 72
130409080808070800 72
130409080808070800 72
130409080808070800 72
130409080808070800 72
130409080808070800 72
130409080808070800 72
130409080808070800 72
130409080808070800 72
130409080808070800 72
130409080808070800 72
130409080808070800 72
130409080808070800 72
130409080808070800 72
130409080808070800 72
130400000000000010 72
130400000000000010 72
130400000000000010 72
130400000000000010 72
130400000000000010 72
130400000000000010 72
130400000000000010 72
130400000000000010 72
130400000000000010 72
130400000000000010 72
130400000000000010 72
130400000000000010 72
130400000000000010 72
130400000000000010 72
130409080808070800 72
130400000000000000 72
130400000000000000 72
130400000000000000 72
130400000000000000 72
130400000000000000 72
130400000000000000 72
130400000000000000 72
130400000000000000 72
130400000000000000 72
130400000000000000 72
130400000000000000 72
130400000000000000 72
130400000000000000 72
130400000000000000 72
130400000000000000 72
130400000000000000 72
130400000000000000 72
130400000000000000 72
130400000000000000 72
130400000000000000 72
130400000000000000 72
130400000000000000 72
130400000000000000 72
130400000000000000 72
130400000000000000 72
130400000000000000 72
130400000000000000 72
130400000000000000 72
130400000000000000 72
130400000000000000 72
130400000000000000 72
130400000000000000 72
130400000000000000 72
130400000000000000 72
130400000000000000 72
130400000000000000 72
130400000000000000 72
130400000000000000 72
130400000000000000 72
130400000000000000 72
13040A050000000000 72
13050A050000000000 72
13050A050000000000 72
13050A050000000000 72
13050A050000000000 72
130500000000000000 72
130500000000000000 72
130500000000000000 72
130500000000000000 72
130500000000000000 72
130500000000000000 72
130500000000000000 72
130500000000000000 72
130500000000000000 72
130500000000000000 72
130500000000000000 72
130500000000000000 72
130500000000000000 72
130500000000000000 72
130500000000000000 72
130500000000000000 72
130500000000000000 72
130500000000000000 72
130500000000000000 72
130500000000000000 72
130500000000000000 72
130500000000000000 72
130500000000000000 72
130500000000000000 72
130500000000000000 72
130500000000000000 72
130500000000000000 72
130500000000000000 72
130500000000000000 72
130500000000000000 72
130500000000000000 72
130500000000000000 72
130500000000000000 72
130500000000000000 72
130500000000000000 72
130500000000000000 72
130500000000000000 72
130500000000000000 72
130500000000000000 72
130500000000000000 72
130500000000000000 72
130500000000000000 72
130500000000000000 72
130500000000000000 72
130500000000000000 72
130500000000000000 72
130500000000000000 72
130500000000000000 72
130500000000000000 72
130500000000000000 72
130500000000000000 72
130500000000000000 72
130500000000000000 72
13050A050000000000 72
13040A050000000000 72
13040A050000000000 72
13040A050000000000 72
13040A050000000000 72
130400000000000000 72
130400000000000000 72
130400000000000000 72
130400000000000000 72
130400000000000000 72
130400000000000000 72
130400000000000000 72
130400000000000000 72
130400000000000000 72
130400000000000000 72
130400000000000000 72
130400000000000000 72
130400000000000000 72
130400000000000000 72
130400000000000000 72
130400000000000000 72
130400000000000000 72
130400000000000000 72
130400000000000000 72
130400000000000000 72
130400000000000000 72
130400000000000000 72
130400000000000000 72
130400000000000000 72
130400000000000000 72
130400000000000000 72
130400000000000000 72
130400000000000000 72
130400000000000000 72
130400000000000000 72
130400000000000000 72
130400000000000000 72
130400000000000000 72
130400000000000000 72
130400000000000000 72
130400000000000000 72
130400000000000000 72
130400000000000000 72
130400000000000000 72
130400000000000000 72
130400000000000000 72
130400000000000000 72
130400000000000000 72
130400000000000000 72
130400000000000000 72
130400000000000000 72
130400000000000000 72
130400000000000000 72
130400000000000000 72
130400000000000000 72
130400000000000000 72
130400000000000000 72
130400000000000000 72
130400000000000000 72
130400000000000000 72
130400000000000000 72
130400000000000000 72
130400000000000000 72
130400000000000000 72
130400000000000000 72
130400000000000000 72
130400000000000000 72
130400000000000000 72
130400000000000000 72
130400000000000000 72
130400000000000000 72
130400000000000000 72
130400000000000000 72
130400000000000000 72
130400000000000000 72
130400000000000000 72
130400000000000000 72
130400000000000000 72
130400000000000000 72
130400000000000000 72
130400000000000000 72