# bt_hci_cmd_reset
O 000000 01 03 0C 00
I 000000 04 0E 04 05 03 0C 00
# BT_HCI_EVT_CMD_COMPLETE
# bt_hci_cmd_read_local_features
O 000000 01 03 10 00
I 000000 04 0E 0C 05 03 10 00 BF EE CD FE DB FF 7B 87
# BT_HCI_EVT_CMD_COMPLETE
# bt_hci_cmd_read_local_version_info
O 000000 01 01 10 00
I 000000 04 0E 0C 05 01 10 00 08 0E 03 08 60 00 0E 03
# BT_HCI_EVT_CMD_COMPLETE
# bt_hci_cmd_read_bd_addr
O 000000 01 09 10 00
I 000000 04 0E 0A 05 09 10 00 2E C3 E0 BD 9E 7C
# BT_HCI_EVT_CMD_COMPLETE
# local_name: BlueRetro_N64_C32E
# local_bdaddr: 7C:9E:BD:E0:C3:2E
# bt_hci_cmd_read_buffer_size
O 000000 01 05 10 00
I 000000 04 0E 0B 05 05 10 00 FD 03 FF 09 00 04 00
# BT_HCI_EVT_CMD_COMPLETE
# bt_hci_cmd_read_class_of_device
O 000000 01 23 0C 00
I 000000 04 0E 07 05 23 0C 00 00 00 00
# BT_HCI_EVT_CMD_COMPLETE
# bt_hci_cmd_read_local_name
O 000000 01 14 0C 00
I 000000 04 0E FC 05 14 0C 00 00 00 00 00 00 00 00 00 00 00 00 00 00 00 00 00 00 00 00 00 00 00 00 00 00 00 00 00 00 00 00 00 00 00 00 00 00 00 00 00 00 00 00 00 00 00 00 00 00 00 00 00 00 00 00 00 00 00 00 00 00 00 00 00 00 00 00 00 00 00 00 00 00 00 00 00 00 00 00 00 00 00 00 00 00 00 00 00 00 00 00 00 00 00 00 00 00 00 00 00 00 00 00 00 00 00 00 00 00 00 00 00 00 00 00 00 00 00 00 00 00 00 00 00 00 00 00 00 00 00 00 00 00 00 00 00 00 00 00 00 00 00 00 00 00 00 00 00 00 00 00 00 00 00 00 00 00 00 00 00 00 00 00 00 00 00 00 00 00 00 00 00 00 00 00 00 00 00 00 00 00 00 00 00 00 00 00 00 00 00 00 00 00 00 00 00 00 00 00 00 00 00 00 00 00 00 00 00 00 00 00 00 00 00 00 00 00 00 00 00 00 00 00 00 00 00 00 00 00 00 00 00 00 00 00 00 00 00 00 00 00 00 00 00 00 00 00 00
# BT_HCI_EVT_CMD_COMPLETE
# bt_hci_cmd_read_voice_setting
O 000000 01 25 0C 00
I 000000 04 0E 06 05 25 0C 00 00 00
# BT_HCI_EVT_CMD_COMPLETE
# bt_hci_cmd_read_num_supported_iac
O 000000 01 38 0C 00
I 000000 04 0E 05 05 38 0C 00 01
# BT_HCI_EVT_CMD_COMPLETE
# bt_hci_cmd_read_current_iac_lap
O 000000 01 39 0C 00
I 000000 04 0E 08 05 39 0C 00 01 33 8B 9E
# BT_HCI_EVT_CMD_COMPLETE
# bt_hci_cmd_set_event_filter
O 000000 01 05 0C 01 00
I 000000 04 0E 04 05 05 0C 00
# BT_HCI_EVT_CMD_COMPLETE
# bt_hci_cmd_write_conn_accept_timeout
O 000000 01 16 0C 02 00 7D
I 000000 04 0E 04 05 16 0C 00
# BT_HCI_EVT_CMD_COMPLETE
# bt_hci_cmd_read_supported_commands
O 000000 01 02 10 00
I 000000 04 0E 44 05 02 10 00 BF FF FF 03 CC FF EF FF 3F FF FC 1F F2 0F E8 FE 3F F7 8F FF 1C 00 04 00 61 F7 FF FF 7F 38 C0 FF 7F FF FF 0F 00 00 00 00 00 00 00 00 00 00 00 00 00 00 00 00 00 00 00 00 00 00 00 00 00 00 00 00
# BT_HCI_EVT_CMD_COMPLETE
# bt_hci_cmd_write_ssp_mode
O 000000 01 56 0C 01 01
I 000000 04 0E 04 05 56 0C 00
# BT_HCI_EVT_CMD_COMPLETE
# bt_hci_cmd_write_inquiry_mode
O 000000 01 45 0C 01 02
I 000000 04 0E 04 05 45 0C 00
# BT_HCI_EVT_CMD_COMPLETE
# bt_hci_cmd_read_inquiry_rsp_tx_pwr_lvl
O 000000 01 58 0C 00
I 000000 04 0E 05 05 58 0C 00 F4
# BT_HCI_EVT_CMD_COMPLETE
# bt_hci_cmd_read_local_ext_features
O 000000 01 04 10 01 01
I 000000 04 0E 0E 05 04 10 00 01 02 01 00 00 00 00 00 00 00
# BT_HCI_EVT_CMD_COMPLETE
# bt_hci_cmd_read_stored_link_key
O 000000 01 0D 0C 07 00 00 00 00 00 00 01
I 000000 04 0E 08 05 0D 0C 00 08 00 00 00
# BT_HCI_EVT_CMD_COMPLETE
# bt_hci_cmd_read_page_scan_activity
O 000000 01 1B 0C 00
I 000000 04 0E 08 05 1B 0C 00 00 08 12 00
# BT_HCI_EVT_CMD_COMPLETE
# bt_hci_cmd_read_page_scan_type
O 000000 01 46 0C 00
I 000000 04 0E 05 05 46 0C 00 00
# BT_HCI_EVT_CMD_COMPLETE
# bt_hci_cmd_write_le_host_supp
O 000000 01 6D 0C 02 01 00
I 000000 04 0E 04 05 6D 0C 00
# BT_HCI_EVT_CMD_COMPLETE
# bt_hci_cmd_le_read_wl_size
O 000000 01 0F 20 00
I 000000 04 0E 05 05 0F 20 00 0C
# BT_HCI_EVT_CMD_COMPLETE
# bt_hci_cmd_le_clear_wl
O 000000 01 10 20 00
I 000000 04 0E 04 05 10 20 00
# BT_HCI_EVT_CMD_COMPLETE
# bt_hci_cmd_le_add_dev_to_wl
O 000000 01 11 20 07 00 20 A4 52 22 16 44
I 000000 04 0E 04 05 11 20 00
# BT_HCI_EVT_CMD_COMPLETE
# bt_hci_cmd_le_add_dev_to_wl
O 000000 01 11 20 07 00 B7 58 96 5F C6 EE
I 000000 04 0E 04 05 11 20 00
# BT_HCI_EVT_CMD_COMPLETE
# bt_hci_cmd_delete_stored_link_key
O 000000 01 12 0C 07 00 00 00 00 00 00 01
I 000000 04 0E 06 05 12 0C 00 00 00
# BT_HCI_EVT_CMD_COMPLETE
# bt_hci_cmd_write_class_of_device
O 000000 01 24 0C 03 0C 01 1C
I 000000 04 0E 04 05 24 0C 00
# BT_HCI_EVT_CMD_COMPLETE
# bt_hci_cmd_write_local_name
O 000000 01 13 0C F8 42 6C 75 65 52 65 74 72 6F 20 41 64 61 70 74 65 72 00 00 00 00 00 00 00 00 00 00 00 00 00 00 00 00 00 00 00 00 00 00 00 00 00 00 00 00 00 00 00 00 00 00 00 00 00 00 00 00 00 00 00 00 00 00 00 00 00 00 00 00 00 00 00 00 00 00 00 00 00 00 00 00 00 00 00 00 00 00 00 00 00 00 00 00 00 00 00 00 00 00 00 00 00 00 00 00 00 00 00 00 00 00 00 00 00 00 00 00 00 00 00 00 00 00 00 00 00 00 00 00 00 00 00 00 00 00 00 00 00 00 00 00 00 00 00 00 00 00 00 00 00 00 00 00 00 00 00 00 00 00 00 00 00 00 00 00 00 00 00 00 00 00 00 00 00 00 00 00 00 00 00 00 00 00 00 00 00 00 00 00 00 00 00 00 00 00 00 00 00 00 00 00 00 00 00 00 00 00 00 00 00 00 00 00 00 00 00 00 00 00 00 00 00 00 00 00 00 00 00 00 00 00 00 00 00 00 00 00 00 00 00 00 00 00 00 00 00 00 00
I 000000 04 0E 04 05 13 0C 00
# BT_HCI_EVT_CMD_COMPLETE
# bt_hci_cmd_set_event_filter
O 000000 01 05 0C 08 01 01 00 05 00 00 1F 00
I 000000 04 0E 04 05 05 0C 00
# BT_HCI_EVT_CMD_COMPLETE
# bt_hci_cmd_set_event_filter
O 000000 01 05 0C 09 02 01 00 05 00 00 1F 00 01
I 000000 04 0E 04 05 05 0C 00
# BT_HCI_EVT_CMD_COMPLETE
# bt_hci_cmd_write_auth_enable
O 000000 01 20 0C 01 00
I 000000 04 0E 04 05 20 0C 00
# BT_HCI_EVT_CMD_COMPLETE
# bt_hci_cmd_set_event_mask
O 000000 01 01 0C 08 FF FF FB FF 07 F8 BF 3D
I 000000 04 0E 04 05 01 0C 00
# BT_HCI_EVT_CMD_COMPLETE
# bt_hci_cmd_write_page_scan_activity
O 000000 01 1C 0C 04 50 00 12 00
I 000000 04 0E 04 05 1C 0C 00
# BT_HCI_EVT_CMD_COMPLETE
# bt_hci_cmd_write_inquiry_scan_activity
O 000000 01 1E 0C 04 50 00 12 00
I 000000 04 0E 04 05 1E 0C 00
# BT_HCI_EVT_CMD_COMPLETE
# bt_hci_cmd_write_page_scan_type
O 000000 01 47 0C 01 01
I 000000 04 0E 04 05 47 0C 00
# BT_HCI_EVT_CMD_COMPLETE
# bt_hci_cmd_write_page_scan_timeout
O 000000 01 18 0C 02 00 20
I 000000 04 0E 04 05 18 0C 00
# BT_HCI_EVT_CMD_COMPLETE
# bt_hci_cmd_write_hold_mode_act
O 000000 01 2C 0C 01 00
I 000000 04 0E 04 05 2C 0C 01
# BT_HCI_EVT_CMD_COMPLETE
# bt_hci_cmd_write_scan_enable
O 000000 01 1A 0C 01 02
I 000000 04 0E 04 05 1A 0C 00
# BT_HCI_EVT_CMD_COMPLETE
# bt_hci_cmd_write_default_link_policy
O 000000 01 0F 08 02 0F 00
I 000000 04 0E 04 05 0F 08 00
# BT_HCI_EVT_CMD_COMPLETE
# bt_hci_cmd_le_read_buffer_size
O 000000 01 02 20 00
I 000000 04 0E 07 05 02 20 00 FB 00 0A
# BT_HCI_EVT_CMD_COMPLETE
# bt_att_set_le_max_mtu 247
# bt_hci_cmd_le_set_adv_param
O 000000 01 06 20 0F A0 00 A0 00 00 00 00 00 00 00 00 00 00 07 00
I 000000 04 0E 04 05 06 20 00
# BT_HCI_EVT_CMD_COMPLETE
# bt_hci_cmd_le_set_adv_data
O 000000 01 08 20 20 1B 02 01 06 03 02 0F 18 13 09 42 6C 75 65 52 65 74 72 6F 5F 4E 36 34 5F 43 33 32 45 00 00 00 00
I 000000 04 0E 04 05 08 20 00
# BT_HCI_EVT_CMD_COMPLETE
# bt_hci_cmd_le_set_scan_rsp_data
O 000000 01 09 20 20 12 11 07 56 9A 79 76 A1 2F 4B 31 B0 FA 80 51 56 0F 83 00 00 00 00 00 00 00 00 00 00 00 00 00 00
I 000000 04 0E 04 05 09 20 00
# BT_HCI_EVT_CMD_COMPLETE
# bt_hci_cmd_le_set_adv_enable
O 000000 01 0A 20 01 01
I 000000 04 0E 04 05 0A 20 00
# BT_HCI_EVT_CMD_COMPLETE
# bt_hci_cmd_le_set_scan_enable
# bt_hci_cmd_le_set_scan_param_active
# bt_hci_cmd_le_set_scan_enable
# bt_hci_cmd_periodic_inquiry
O 000000 01 0C 20 02 00 01
I 000000 04 0E 04 05 0C 20 0C
# BT_HCI_EVT_CMD_COMPLETE
# opcode: 0x200C error: 0x0C retry: 0
# bt_hci_cmd_le_set_scan_enable
# bt_hci_cmd_le_set_scan_param_active
# bt_hci_cmd_le_set_scan_enable
# bt_hci_cmd_periodic_inquiry
O 000000 01 0B 20 07 01 24 00 12 00 00 00
I 000000 04 0E 04 05 0B 20 00
# BT_HCI_EVT_CMD_COMPLETE
O 000000 01 0C 20 02 01 01
I 000000 04 0E 04 05 0C 20 00
# BT_HCI_EVT_CMD_COMPLETE
O 000000 01 03 04 09 0A 00 08 00 33 8B 9E 03 FF
I 000000 04 0E 04 05 03 04 00
# BT_HCI_EVT_CMD_COMPLETE
O 000000 01 0C 20 02 00 01
I 000000 04 0E 04 05 0C 20 00
# BT_HCI_EVT_CMD_COMPLETE
O 000000 01 0B 20 07 01 24 00 12 00 00 00
I 000000 04 0E 04 05 0B 20 00
# BT_HCI_EVT_CMD_COMPLETE
O 000000 01 0C 20 02 01 01
O 000000 01 03 04 09 0A 00 08 00 33 8B 9E 03 FF
I 000000 04 0E 04 04 03 04 0C
# BT_HCI_EVT_CMD_COMPLETE
# opcode: 0x0403 error: 0x0C retry: 0
I 000000 04 0E 04 05 0C 20 00
# BT_HCI_EVT_CMD_COMPLETE
I 000000 04 3E 28 02 01 02 01 AD F4 4D 9C E6 70 1C 03 03 9F FE 17 16 9F FE 00 00 00 00 00 00 00 00 00 00 00 00 00 00 00 00 00 00 00 00 C4
# BT_HCI_EVT_LE_ADVERTISING_REPORT
I 000000 04 3E 16 02 01 04 01 AD F4 4D 9C E6 70 0A 09 FF E0 00 56 A8 CA 87 56 E9 C4
# BT_HCI_EVT_LE_ADVERTISING_REPORT
I 000000 04 3E 28 02 01 02 01 0A 3A 08 46 1E 6E 1C 03 03 9F FE 17 16 9F FE 00 00 00 00 00 00 00 00 00 00 00 00 00 00 00 00 00 00 00 00 B1
# BT_HCI_EVT_LE_ADVERTISING_REPORT
I 000000 04 3E 16 02 01 04 01 0A 3A 08 46 1E 6E 0A 09 FF E0 00 56 17 CA 55 5C 71 B1
# BT_HCI_EVT_LE_ADVERTISING_REPORT
# mc_restore: restore sucessful!
I 000000 04 3E 19 02 01 00 01 10 3C B4 EB A9 46 0D 02 01 02 03 03 50 FE 05 16 50 FE EA 1A BD
# BT_HCI_EVT_LE_ADVERTISING_REPORT
I 000000 04 3E 0C 02 01 04 01 10 3C B4 EB A9 46 00 BD
# BT_HCI_EVT_LE_ADVERTISING_REPORT
I 000000 04 3E 29 02 01 00 01 54 DC 96 AA D0 71 1D 02 01 1A 09 FF C4 00 1C 33 15 13 17 80 02 0A D4 03 03 B9 FE 08 1B 00 99 3B D4 86 2F 40 A3
# BT_HCI_EVT_LE_ADVERTISING_REPORT
I 000000 04 3E 1A 02 01 04 01 54 DC 96 AA D0 71 0E 0A 09 50 C3 A9 70 69 6E 20 54 56 02 0A D4 A5
# BT_HCI_EVT_LE_ADVERTISING_REPORT
I 000000 04 3E 2B 02 01 03 01 1B 66 B9 21 6B 3F 1F 1E FF 06 00 01 0F 20 02 21 FD AD F7 51 9D 72 C5 99 74 FF 1E BD E0 99 8B 00 02 16 8F 44 B3 CE CD
# BT_HCI_EVT_LE_ADVERTISING_REPORT
I 000000 04 3E 2B 02 01 03 01 9C 99 31 72 79 7E 1F 1E FF 06 00 01 09 20 02 E6 C1 09 72 57 6B 69 75 D5 62 24 19 E3 03 9A EA E9 BB 6C 48 7B 35 30 BA
# BT_HCI_EVT_LE_ADVERTISING_REPORT
I 000000 04 3E 1B 02 01 00 00 DB A6 EA CD 69 C8 0F 02 01 1A 0B FF 4C 00 09 06 03 26 00 00 00 00 A5
# BT_HCI_EVT_LE_ADVERTISING_REPORT
I 000000 04 3E 0C 02 01 04 00 DB A6 EA CD 69 C8 00 A5
# BT_HCI_EVT_LE_ADVERTISING_REPORT
I 000000 04 3E 28 02 01 02 01 5C 83 79 58 E7 40 1C 03 03 9F FE 17 16 9F FE 00 00 00 00 00 00 00 00 00 00 00 00 00 00 00 00 00 00 00 00 C9
# BT_HCI_EVT_LE_ADVERTISING_REPORT
I 000000 04 3E 1B 02 01 03 01 31 4A 8A AC FF 14 0F 02 01 1A 0B FF 4C 00 09 06 03 04 C0 A8 01 08 A0
# BT_HCI_EVT_LE_ADVERTISING_REPORT
I 000000 04 3E 1D 02 01 00 00 20 A3 69 CD 69 C8 11 02 01 1A 02 0A 0C 0A FF 4C 00 10 05 09 14 23 39 7C AE
# BT_HCI_EVT_LE_ADVERTISING_REPORT
I 000000 04 3E 0C 02 01 04 00 20 A3 69 CD 69 C8 00 AF
# BT_HCI_EVT_LE_ADVERTISING_REPORT
I 000000 04 3E 28 02 01 02 01 35 EA 98 7A FD 73 1C 03 03 9F FE 17 16 9F FE 00 00 00 00 00 00 00 00 00 00 00 00 00 00 00 00 00 00 00 00 C6
# BT_HCI_EVT_LE_ADVERTISING_REPORT
I 000000 04 3E 16 02 01 04 01 35 EA 98 7A FD 73 0A 09 FF E0 00 56 CB CA 82 5B 44 C6
# BT_HCI_EVT_LE_ADVERTISING_REPORT
I 000000 04 3E 28 02 01 02 01 AA 6E 50 67 66 65 1C 03 03 9F FE 17 16 9F FE 00 00 00 00 00 00 00 00 00 00 00 00 00 00 00 00 00 00 00 00 A4
# BT_HCI_EVT_LE_ADVERTISING_REPORT
I 000000 04 3E 16 02 01 04 01 AA 6E 50 67 66 65 0A 09 FF E0 00 32 0E CA 6D 88 03 A3
# BT_HCI_EVT_LE_ADVERTISING_REPORT
I 000000 04 3E 1D 02 01 00 01 22 DB 06 4F 44 56 11 02 01 1A 02 0A 0C 0A FF 4C 00 10 05 41 1C CA F1 60 A4
# BT_HCI_EVT_LE_ADVERTISING_REPORT
I 000000 04 3E 0C 02 01 04 01 22 DB 06 4F 44 56 00 A2
# BT_HCI_EVT_LE_ADVERTISING_REPORT
I 000000 04 3E 1D 02 01 00 00 36 12 57 EC B3 F0 11 02 01 1A 02 0A 04 0A FF 4C 00 10 05 01 10 F2 88 78 D1
# BT_HCI_EVT_LE_ADVERTISING_REPORT
I 000000 04 3E 0C 02 01 04 00 36 12 57 EC B3 F0 00 D1
# BT_HCI_EVT_LE_ADVERTISING_REPORT
I 000000 04 3E 16 02 01 04 01 5C 83 79 58 E7 40 0A 09 FF E0 00 56 19 CA 90 F4 40 C9
# BT_HCI_EVT_LE_ADVERTISING_REPORT
I 000000 04 3E 1B 02 01 03 01 87 4D B4 2E D2 28 0F 02 01 1A 0B FF 4C 00 09 06 03 BD C0 A8 56 D5 D0
# BT_HCI_EVT_LE_ADVERTISING_REPORT
I 000000 04 3E 28 02 01 02 01 97 F3 57 14 6B 54 1C 03 03 9F FE 17 16 9F FE 00 00 00 00 00 00 00 00 00 00 00 00 00 00 00 00 00 00 00 00 A0
# BT_HCI_EVT_LE_ADVERTISING_REPORT
I 000000 04 3E 28 02 01 02 01 B2 ED 47 80 1D 66 1C 03 03 9F FE 17 16 9F FE 00 00 00 00 00 00 00 00 00 00 00 00 00 00 00 00 00 00 00 00 A1
# BT_HCI_EVT_LE_ADVERTISING_REPORT
I 000000 04 01 01 00
# BT_HCI_EVT_INQUIRY_COMPLETE
I 000000 04 3E 14 02 01 03 01 E4 FF 23 CC 53 C2 08 07 FF 4C 00 12 02 00 00 9F
# BT_HCI_EVT_LE_ADVERTISING_REPORT
I 000000 04 3E 16 02 01 04 01 B2 ED 47 80 1D 66 0A 09 FF E0 00 32 AE CA 32 83 3D A3
# BT_HCI_EVT_LE_ADVERTISING_REPORT
I 000000 04 3E 28 02 01 02 01 B7 E4 57 15 26 40 1C 03 03 9F FE 17 16 9F FE 02 6C 4C 4D 70 57 6F 44 5A 44 4E 55 00 00 01 86 BE BB 6E DE 9E
# BT_HCI_EVT_LE_ADVERTISING_REPORT
I 000000 04 3E 1F 02 01 00 01 D1 21 05 4F 71 4E 13 02 01 1A 02 0A 08 0C FF 4C 00 10 07 33 1B 4B 8D E1 EA 28 9F
# BT_HCI_EVT_LE_ADVERTISING_REPORT
I 000000 04 3E 1E 02 01 00 01 36 F7 04 E1 BD 52 12 02 01 1A 02 0A 08 0B FF 4C 00 10 06 23 1E 02 32 73 D2 9E
# BT_HCI_EVT_LE_ADVERTISING_REPORT
I 000000 04 3E 0C 02 01 04 01 36 F7 04 E1 BD 52 00 9F
# BT_HCI_EVT_LE_ADVERTISING_REPORT
I 000000 04 01 01 00
# BT_HCI_EVT_INQUIRY_COMPLETE
I 000000 04 3E 16 02 01 04 01 97 F3 57 14 6B 54 0A 09 FF E0 00 00 70 CA 7A C1 17 A3
# BT_HCI_EVT_LE_ADVERTISING_REPORT
I 000000 04 3E 0C 02 01 04 01 D1 21 05 4F 71 4E 00 A2
# BT_HCI_EVT_LE_ADVERTISING_REPORT
I 000000 04 3E 16 02 01 04 01 B7 E4 57 15 26 40 0A 09 FF E0 00 00 D0 CA 84 0A 53 9E
# BT_HCI_EVT_LE_ADVERTISING_REPORT
I 000000 04 01 01 00
# BT_HCI_EVT_INQUIRY_COMPLETE
I 000000 04 04 0A 01 BF CA D8 17 E4 08 25 00 01
# BT_HCI_EVT_CONN_REQUEST
# bt_hci_cmd_accept_conn_req
# Page dev: 0 type: 0 bdaddr: E4:17:D8:CA:BF:01
O 000000 01 09 04 07 01 BF CA D8 17 E4 00
I 000000 04 0F 04 00 05 09 04
# BT_HCI_EVT_CMD_STATUS
I 000000 04 12 08 00 01 BF CA D8 17 E4 00
# BT_HCI_EVT_ROLE_CHANGE
I 000000 04 03 0B 00 80 00 01 BF CA D8 17 E4 01 00
# BT_HCI_EVT_CONN_COMPLETE
# dev: 0 acl_handle: 0x0080
# bt_hci_cmd_le_set_adv_disable
# bt_hci_cmd_remote_name_request
O 000000 01 0A 20 01 00
I 000000 04 0E 04 05 0A 20 00
# BT_HCI_EVT_CMD_COMPLETE
O 000000 01 19 04 0A 01 BF CA D8 17 E4 01 00 00 00
I 000000 04 0F 04 00 05 19 04
# BT_HCI_EVT_CMD_STATUS
I 000000 04 1B 03 80 00 05
I 000000 04 07 FF 00 01 BF CA D8 17 E4 50 72 6F 20 43 6F 6E 74 72 6F 6C 6C 65 72 00 00 00 00 00 00 00 00 00 00 00 00 00 00 00 00 00 00 00 00 00 00 00 00 00 00 00 00 00 00 00 00 00 00 00 00 00 00 00 00 00 00 00 00 00 00 00 00 00 00 00 00 00 00 00 00 00 00 00 00 00 00 00 00 00 00 00 00 00 00 00 00 00 00 00 00 00 00 00 00 00 00 00 00 00 00 00 00 00 00 00 00 00 00 00 00 00 00 00 00 00 00 00 00 00 00 00 00 00 00 00 00 00 00 00 00 00 00 00 00 00 00 00 00 00 00 00 00 00 00 00 00 00 00 00 00 00 00 00 00 00 00 00 00 00 00 00 00 00 00 00 00 00 00 00 00 00 00 00 00 00 00 00 00 00 00 00 00 00 00 00 00 00 00 00 00 00 00 00 00 00 00 00 00 00 00 00 00 00 00 00 00 00 00 00 00 00 00 00 00 00 00 00 00 00 00 00 00 00 00 00 00 00 00 00 00 00 00 00 00 00 00 00 00 00 00 00 00 00 00 00 00 00 00
# BT_HCI_EVT_REMOTE_NAME_REQ_COMPLETE:
# bt_type_update: dev: 0 type: 5 subtype: 0
# bt_hci_cmd_exit_periodic_inquiry
# bt_hci_cmd_le_set_scan_enable
# bt_hci_cmd_le_set_scan_param_passive
# bt_hci_cmd_le_set_scan_enable
O 000000 01 04 04 00
# bt_hci_cmd_read_remote_features
# dev: 0 type: 5:0 Pro Controller
I 000000 04 0E 04 05 04 04 00
# BT_HCI_EVT_CMD_COMPLETE
I 000000 04 17 06 01 BF CA D8 17 E4
# BT_HCI_EVT_LINK_KEY_REQ
# bt_hci_cmd_link_key_reply
O 000000 01 0C 20 02 00 01
I 000000 04 0E 04 05 0C 20 00
# BT_HCI_EVT_CMD_COMPLETE
O 000000 01 0B 20 07 00 00 04 12 00 00 01
I 000000 04 0E 04 05 0B 20 00
# BT_HCI_EVT_CMD_COMPLETE
O 000000 01 0C 20 02 01 01
I 000000 04 0E 04 05 0C 20 00
# BT_HCI_EVT_CMD_COMPLETE
O 000000 01 1B 04 02 80 00
I 000000 04 0F 04 00 05 1B 04
# BT_HCI_EVT_CMD_STATUS
I 000000 04 0B 0B 00 80 00 FF FF FF FE DB FF 7B 87
# BT_HCI_EVT_REMOTE_FEATURES
# bt_hci_cmd_read_remote_ext_features
# bt_l2cap_cmd_ext_feat_mask_req
O 000000 01 0B 04 16 01 BF CA D8 17 E4 F7 8C 42 02 90 6D C4 85 2E 3F 0C 19 EC 7C 66 81
I 000000 04 0E 0A 05 0B 04 00 01 BF CA D8 17 E4
# BT_HCI_EVT_CMD_COMPLETE
O 000000 01 1C 04 03 80 00 01
I 000000 04 0F 04 00 05 1C 04
# BT_HCI_EVT_CMD_STATUS
O 000000 02 80 20 0A 00 06 00 01 00 0A 00 02 00 02 00
I 000000 04 FF 03 03 80 00
I 000000 04 13 05 01 80 00 01 00
I 000000 04 23 0D 00 80 00 01 01 01 00 00 00 00 00 00 00
# BT_HCI_EVT_REMOTE_EXT_FEATURES
I 000000 04 08 04 00 80 00 01
# BT_HCI_EVT_ENCRYPT_CHANGE
I 000000 02 80 20 10 00 0C 00 01 00 0B 00 08 00 02 00 00 00 80 02 00 00
# BT_L2CAP_INFO_RSP
I 000000 02 80 20 0C 00 08 00 01 00 02 01 04 00 11 00 40 00
# BT_L2CAP_CONN_REQ
O 000000 02 80 20 10 00 0C 00 01 00 03 01 08 00 80 00 40 00 00 00 00 00
O 000000 02 80 20 0C 00 08 00 01 00 04 01 04 00 40 00 00 00
I 000000 04 13 05 01 80 00 01 00
I 000000 04 13 05 01 80 00 01 00
I 000000 02 80 20 10 00 0C 00 01 00 04 02 08 00 80 00 00 00 01 02 FC 01
# BT_L2CAP_CONF_REQ
O 000000 02 80 20 12 00 0E 00 01 00 05 02 0A 00 40 00 00 00 00 00 01 02 FC 01
I 000000 02 80 20 0E 00 0A 00 01 00 05 01 06 00 80 00 00 00 00 00
# BT_L2CAP_CONF_RSP
I 000000 04 13 05 01 80 00 01 00
I 000000 02 80 20 0C 00 08 00 01 00 02 03 04 00 13 00 41 00
# BT_L2CAP_CONN_REQ
O 000000 02 80 20 10 00 0C 00 01 00 03 03 08 00 90 00 41 00 00 00 00 00
O 000000 02 80 20 0C 00 08 00 01 00 04 02 04 00 41 00 00 00
I 000000 04 13 05 01 80 00 01 00
I 000000 04 13 05 01 80 00 01 00
I 000000 02 80 20 10 00 0C 00 01 00 04 04 08 00 90 00 00 00 01 02 FC 01
# BT_L2CAP_CONF_REQ
O 000000 02 80 20 12 00 0E 00 01 00 05 04 0A 00 41 00 00 00 00 00 01 02 FC 01
I 000000 02 80 20 0E 00 0A 00 01 00 05 02 06 00 90 00 00 00 00 00
# BT_L2CAP_CONF_RSP
# bt_hid_sw_init
I 000000 04 13 05 01 80 00 01 00
O 000000 02 80 20 36 00 32 00 41 00 A2 01 00 00 00 00 00 00 00 00 00 30 01 00 00 00 00 00 00 00 00 00 00 00 00 00 00 00 00 00 00 00 00 00 00 00 00 00 00 00 00 00 00 00 00 00 00 00 00 00
I 000000 04 13 05 01 80 00 01 00
I 000000 02 80 20 11 00 0D 00 90 00 A1 3F 00 00 08 00 80 00 80 00 80 00 80
# bt_type_update: dev: 0 type: 5 subtype: 0
I 000000 02 80 20 11 00 0D 00 90 00 A1 3F 00 00 08 00 80 00 80 00 80 00 80
I 000000 02 80 20 11 00 0D 00 90 00 A1 3F 00 00 08 00 80 00 80 00 80 00 80
I 000000 02 80 20 11 00 0D 00 90 00 A1 3F 00 00 08 00 80 00 80 00 80 00 80
I 000000 02 80 20 11 00 0D 00 90 00 A1 3F 00 00 08 00 80 00 80 00 80 00 80
I 000000 02 80 20 11 00 0D 00 90 00 A1 3F 00 00 08 00 80 00 80 00 80 00 80
I 000000 04 05 04 00 80 00 13
# BT_HCI_EVT_DISCONN_COMPLETE
# DISCONN from dev: 0
# bt_hci_cmd_le_set_scan_enable
# bt_hci_cmd_le_set_scan_param_active
# bt_hci_cmd_le_set_scan_enable
# bt_hci_cmd_periodic_inquiry
# bt_hci_cmd_le_set_adv_enable
O 000000 01 0C 20 02 00 01
I 000000 04 0E 04 05 0C 20 00
# BT_HCI_EVT_CMD_COMPLETE
O 000000 01 0B 20 07 01 24 00 12 00 00 00
I 000000 04 0E 04 05 0B 20 00
# BT_HCI_EVT_CMD_COMPLETE
O 000000 01 0C 20 02 01 01
I 000000 04 0E 04 05 0C 20 00
# BT_HCI_EVT_CMD_COMPLETE
O 000000 01 03 04 09 0A 00 08 00 33 8B 9E 03 FF
I 000000 04 0E 04 05 03 04 00
# BT_HCI_EVT_CMD_COMPLETE
O 000000 01 0A 20 01 01
I 000000 04 0E 04 05 0A 20 00
# BT_HCI_EVT_CMD_COMPLETE
I 000000 04 3E 1F 02 01 00 01 D1 21 05 4F 71 4E 13 02 01 1A 02 0A 08 0C FF 4C 00 10 07 33 1B 4B 8D E1 EA 28 9F
# BT_HCI_EVT_LE_ADVERTISING_REPORT
I 000000 04 3E 0C 02 01 04 01 D1 21 05 4F 71 4E 00 9F
# BT_HCI_EVT_LE_ADVERTISING_REPORT
I 000000 04 3E 19 02 01 00 01 10 3C B4 EB A9 46 0D 02 01 02 03 03 50 FE 05 16 50 FE EA 1A BB
# BT_HCI_EVT_LE_ADVERTISING_REPORT
I 000000 04 3E 0C 02 01 04 01 10 3C B4 EB A9 46 00 BB
# BT_HCI_EVT_LE_ADVERTISING_REPORT
I 000000 04 3E 2B 02 01 03 01 1B 66 B9 21 6B 3F 1F 1E FF 06 00 01 0F 20 02 21 FD AD F7 51 9D 72 C5 99 74 FF 1E BD E0 99 8B 00 02 16 8F 44 B3 CE CE
# BT_HCI_EVT_LE_ADVERTISING_REPORT
I 000000 04 3E 2B 02 01 03 01 9C 99 31 72 79 7E 1F 1E FF 06 00 01 09 20 02 E6 C1 09 72 57 6B 69 75 D5 62 24 19 E3 03 9A EA E9 BB 6C 48 7B 35 30 B9
# BT_HCI_EVT_LE_ADVERTISING_REPORT
I 000000 04 3E 1B 02 01 03 01 31 4A 8A AC FF 14 0F 02 01 1A 0B FF 4C 00 09 06 03 04 C0 A8 01 08 AC
# BT_HCI_EVT_LE_ADVERTISING_REPORT
I 000000 04 3E 28 02 01 02 01 4F B6 B1 BC 22 5F 1C 03 03 9F FE 17 16 9F FE 00 00 00 00 00 00 00 00 00 00 00 00 00 00 00 00 00 00 00 00 AF
# BT_HCI_EVT_LE_ADVERTISING_REPORT
I 000000 04 3E 16 02 01 04 01 4F B6 B1 BC 22 5F 0A 09 FF E0 00 56 17 CA 55 5C 71 B0
# BT_HCI_EVT_LE_ADVERTISING_REPORT
I 000000 04 3E 28 02 01 02 01 AD F4 4D 9C E6 70 1C 03 03 9F FE 17 16 9F FE 00 00 00 00 00 00 00 00 00 00 00 00 00 00 00 00 00 00 00 00 BC
# BT_HCI_EVT_LE_ADVERTISING_REPORT
I 000000 04 3E 16 02 01 04 01 AD F4 4D 9C E6 70 0A 09 FF E0 00 56 A8 CA 87 56 E9 BC
# BT_HCI_EVT_LE_ADVERTISING_REPORT
I 000000 04 3E 1B 02 01 00 00 DB A6 EA CD 69 C8 0F 02 01 1A 0B FF 4C 00 09 06 03 26 00 00 00 00 A4
# BT_HCI_EVT_LE_ADVERTISING_REPORT
I 000000 04 3E 0C 02 01 04 00 DB A6 EA CD 69 C8 00 A5
# BT_HCI_EVT_LE_ADVERTISING_REPORT
I 000000 04 3E 28 02 01 02 01 35 EA 98 7A FD 73 1C 03 03 9F FE 17 16 9F FE 00 00 00 00 00 00 00 00 00 00 00 00 00 00 00 00 00 00 00 00 C5
# BT_HCI_EVT_LE_ADVERTISING_REPORT
I 000000 04 3E 16 02 01 04 01 35 EA 98 7A FD 73 0A 09 FF E0 00 56 CB CA 82 5B 44 C6
# BT_HCI_EVT_LE_ADVERTISING_REPORT
I 000000 04 3E 1D 02 01 00 00 36 12 57 EC B3 F0 11 02 01 1A 02 0A 04 0A FF 4C 00 10 05 01 10 F2 88 78 CC
# BT_HCI_EVT_LE_ADVERTISING_REPORT
I 000000 04 3E 0C 02 01 04 00 36 12 57 EC B3 F0 00 CB
# BT_HCI_EVT_LE_ADVERTISING_REPORT
I 000000 04 3E 14 02 01 03 01 E4 FF 23 CC 53 C2 08 07 FF 4C 00 12 02 00 00 9E
# BT_HCI_EVT_LE_ADVERTISING_REPORT
I 000000 04 3E 29 02 01 00 01 54 DC 96 AA D0 71 1D 02 01 1A 09 FF C4 00 1C 33 15 13 17 80 02 0A D4 03 03 B9 FE 08 1B 00 99 3B D4 86 2F 40 AA
# BT_HCI_EVT_LE_ADVERTISING_REPORT
I 000000 04 3E 1A 02 01 04 01 54 DC 96 AA D0 71 0E 0A 09 50 C3 A9 70 69 6E 20 54 56 02 0A D4 AA
# BT_HCI_EVT_LE_ADVERTISING_REPORT
I 000000 04 2F FF 01 01 BF CA D8 17 E4 01 00 08 25 00 85 2A C9 0F 09 50 72 6F 20 43 6F 6E 74 72 6F 6C 6C 65 72 00 00 00 00 00 00 00 00 00 00 00 00 00 00 00 00 00 00 00 00 00 00 00 00 00 00 00 00 00 00 00 00 00 00 00 00 00 00 00 00 00 00 00 00 00 00 00 00 00 00 00 00 00 00 00 00 00 00 00 00 00 00 00 00 00 00 00 00 00 00 00 00 00 00 00 00 00 00 00 00 00 00 00 00 00 00 00 00 00 00 00 00 00 00 00 00 00 00 00 00 00 00 00 00 00 00 00 00 00 00 00 00 00 00 00 00 00 00 00 00 00 00 00 00 00 00 00 00 00 00 00 00 00 00 00 00 00 00 00 00 00 00 00 00 00 00 00 00 00 00 00 00 00 00 00 00 00 00 00 00 00 00 00 00 00 00 00 00 00 00 00 00 00 00 00 00 00 00 00 00 00 00 00 00 00 00 00 00 00 00 00 00 00 00 00 00 00 00 00 00 00 00 00 00 00 00 00 00 00 00 00 00 00 00 00 00 00 00 00 00 00 00 00 00
# BT_HCI_EVT_INQUIRY_RESULT
# Number of responce: 1
# bt_hci_cmd_connect
# Inquiry dev: 0 type: 0 bdaddr: E4:17:D8:CA:BF:01
O 000000 01 05 04 0D 01 BF CA D8 17 E4 18 CC 00 00 00 00 01
I 000000 04 0F 04 00 05 05 04
# BT_HCI_EVT_CMD_STATUS
I 000000 04 03 0B 00 80 00 01 BF CA D8 17 E4 01 00
# BT_HCI_EVT_CONN_COMPLETE
# dev: 0 acl_handle: 0x0080
# bt_hci_cmd_le_set_adv_disable
# bt_hci_cmd_remote_name_request
O 000000 01 0A 20 01 00
I 000000 04 0E 04 05 0A 20 00
# BT_HCI_EVT_CMD_COMPLETE
O 000000 01 19 04 0A 01 BF CA D8 17 E4 01 00 00 00
I 000000 04 0F 04 00 05 19 04
# BT_HCI_EVT_CMD_STATUS
I 000000 04 3E 1B 02 01 03 01 87 4D B4 2E D2 28 0F 02 01 1A 0B FF 4C 00 09 06 03 BD C0 A8 56 D5 D0
# BT_HCI_EVT_LE_ADVERTISING_REPORT
I 000000 04 1B 03 80 00 05
I 000000 04 07 FF 00 01 BF CA D8 17 E4 50 72 6F 20 43 6F 6E 74 72 6F 6C 6C 65 72 00 00 00 00 00 00 00 00 00 00 00 00 00 00 00 00 00 00 00 00 00 00 00 00 00 00 00 00 00 00 00 00 00 00 00 00 00 00 00 00 00 00 00 00 00 00 00 00 00 00 00 00 00 00 00 00 00 00 00 00 00 00 00 00 00 00 00 00 00 00 00 00 00 00 00 00 00 00 00 00 00 00 00 00 00 00 00 00 00 00 00 00 00 00 00 00 00 00 00 00 00 00 00 00 00 00 00 00 00 00 00 00 00 00 00 00 00 00 00 00 00 00 00 00 00 00 00 00 00 00 00 00 00 00 00 00 00 00 00 00 00 00 00 00 00 00 00 00 00 00 00 00 00 00 00 00 00 00 00 00 00 00 00 00 00 00 00 00 00 00 00 00 00 00 00 00 00 00 00 00 00 00 00 00 00 00 00 00 00 00 00 00 00 00 00 00 00 00 00 00 00 00 00 00 00 00 00 00 00 00 00 00 00 00 00 00 00 00 00 00 00 00 00 00 00 00 00 00 00 00 00 00 00 00
# BT_HCI_EVT_REMOTE_NAME_REQ_COMPLETE:
# bt_type_update: dev: 0 type: 5 subtype: 0
# bt_hci_cmd_exit_periodic_inquiry
# bt_hci_cmd_le_set_scan_enable
# bt_hci_cmd_le_set_scan_param_passive
# bt_hci_cmd_le_set_scan_enable
# bt_hci_cmd_read_remote_features
# bt_hci_cmd_auth_requested
# dev: 0 type: 5:0 Pro Controller
O 000000 01 04 04 00
I 000000 04 0E 04 05 04 04 00
# BT_HCI_EVT_CMD_COMPLETE
O 000000 01 0C 20 02 00 01
I 000000 04 0E 04 05 0C 20 00
# BT_HCI_EVT_CMD_COMPLETE
O 000000 01 0B 20 07 00 00 04 12 00 00 01
I 000000 04 0E 04 05 0B 20 00
# BT_HCI_EVT_CMD_COMPLETE
O 000000 01 0C 20 02 01 01
I 000000 04 0E 04 05 0C 20 00
# BT_HCI_EVT_CMD_COMPLETE
O 000000 01 1B 04 02 80 00
I 000000 04 0F 04 00 05 1B 04
# BT_HCI_EVT_CMD_STATUS
I 000000 04 0B 0B 00 80 00 FF FF FF FE DB FF 7B 87
# BT_HCI_EVT_REMOTE_FEATURES
# bt_hci_cmd_read_remote_ext_features
# bt_l2cap_cmd_ext_feat_mask_req
O 000000 01 11 04 02 80 00
I 000000 04 0F 04 00 05 11 04
# BT_HCI_EVT_CMD_STATUS
I 000000 04 17 06 01 BF CA D8 17 E4
# BT_HCI_EVT_LINK_KEY_REQ
# bt_hci_cmd_link_key_neg_reply
O 000000 01 1C 04 03 80 00 01
I 000000 04 0F 04 00 05 1C 04
# BT_HCI_EVT_CMD_STATUS
O 000000 02 80 20 0A 00 06 00 01 00 0A 03 02 00 02 00
O 000000 01 0C 04 06 01 BF CA D8 17 E4
I 000000 04 0E 0A 05 0C 04 00 01 BF CA D8 17 E4
# BT_HCI_EVT_CMD_COMPLETE
I 000000 04 31 06 01 BF CA D8 17 E4
# BT_HCI_EVT_IO_CAPA_REQ
# bt_hci_cmd_io_capability_reply
O 000000 01 2B 04 09 01 BF CA D8 17 E4 03 00 00
I 000000 04 0E 0A 05 2B 04 00 01 BF CA D8 17 E4
# BT_HCI_EVT_CMD_COMPLETE
I 000000 04 13 05 01 80 00 01 00
I 000000 02 80 20 10 00 0C 00 01 00 0B 03 08 00 02 00 00 00 80 02 00 00
# BT_L2CAP_INFO_RSP
I 000000 04 32 09 01 BF CA D8 17 E4 03 00 04
I 000000 04 33 0A 01 BF CA D8 17 E4 D1 0F 0E 00
# BT_HCI_EVT_USER_CONFIRM_REQ
# bt_hci_cmd_user_confirm_reply
O 000000 01 2C 04 06 01 BF CA D8 17 E4
I 000000 04 0E 0A 05 2C 04 00 01 BF CA D8 17 E4
# BT_HCI_EVT_CMD_COMPLETE
I 000000 04 36 07 00 01 BF CA D8 17 E4
I 000000 04 18 17 01 BF CA D8 17 E4 16 CE BC 4A D0 92 C4 4A 81 7B C6 75 62 90 87 00 04
# BT_HCI_EVT_LINK_KEY_NOTIFY
I 000000 04 06 03 00 80 00
# BT_HCI_EVT_AUTH_COMPLETE
# dev: 0 Pairing done
# bt_hci_cmd_set_conn_encrypt
# bt_l2cap_cmd_hid_ctrl_conn_req
O 000000 01 13 04 03 80 00 01
I 000000 04 0F 04 00 05 13 04
# BT_HCI_EVT_CMD_STATUS
O 000000 02 80 20 0C 00 08 00 01 00 02 04 04 00 11 00 80 00
I 000000 04 13 05 01 80 00 01 00
I 000000 04 23 0D 00 80 00 01 01 01 00 00 00 00 00 00 00
# BT_HCI_EVT_REMOTE_EXT_FEATURES
I 000000 04 08 04 00 80 00 01
# BT_HCI_EVT_ENCRYPT_CHANGE
I 000000 02 80 20 10 00 0C 00 01 00 03 04 08 00 42 00 80 00 00 00 00 00
# BT_L2CAP_CONN_RSP
O 000000 02 80 20 0C 00 08 00 01 00 04 05 04 00 42 00 00 00
I 000000 02 80 20 10 00 0C 00 01 00 04 05 08 00 80 00 00 00 01 02 FC 01
# BT_L2CAP_CONF_REQ
O 000000 02 80 20 12 00 0E 00 01 00 05 05 0A 00 42 00 00 00 00 00 01 02 FC 01
I 000000 04 13 05 01 80 00 01 00
I 000000 04 13 05 01 80 00 01 00
I 000000 02 80 20 0E 00 0A 00 01 00 05 05 06 00 80 00 00 00 00 00
# BT_L2CAP_CONF_RSP
# bt_l2cap_cmd_hid_intr_conn_req
O 000000 02 80 20 0C 00 08 00 01 00 02 06 04 00 13 00 90 00
I 000000 04 13 05 01 80 00 01 00
I 000000 02 80 20 10 00 0C 00 01 00 03 06 08 00 43 00 90 00 00 00 00 00
# BT_L2CAP_CONN_RSP
O 000000 02 80 20 0C 00 08 00 01 00 04 07 04 00 43 00 00 00
I 000000 04 13 05 01 80 00 01 00
I 000000 02 80 20 10 00 0C 00 01 00 04 06 08 00 90 00 00 00 01 02 FC 01
# BT_L2CAP_CONF_REQ
O 000000 02 80 20 12 00 0E 00 01 00 05 06 0A 00 43 00 00 00 00 00 01 02 FC 01
I 000000 04 13 05 01 80 00 01 00
I 000000 02 80 20 0E 00 0A 00 01 00 05 07 06 00 90 00 00 00 00 00
# BT_L2CAP_CONF_RSP
# bt_hid_sw_init
O 000000 02 80 20 36 00 32 00 43 00 A2 01 00 00 00 00 00 00 00 00 00 30 01 00 00 00 00 00 00 00 00 00 00 00 00 00 00 00 00 00 00 00 00 00 00 00 00 00 00 00 00 00 00 00 00 00 00 00 00 00
I 000000 04 13 05 01 80 00 01 00
I 000000 02 80 20 11 00 0D 00 90 00 A1 3F 00 00 08 00 80 00 80 00 80 00 80
# bt_type_update: dev: 0 type: 5 subtype: 0
I 000000 02 80 20 36 00 32 00 90 00 A1 21 B9 40 00 00 00 E2 47 78 A6 17 75 0A 80 30 00 00 00 00 00 00 00 00 00 00 00 00 00 00 00 00 00 00 00 00 00 00 00 00 00 00 00 00 00 00 00 00 00 00
O 000000 02 80 20 36 00 32 00 43 00 A2 01 01 00 00 00 00 00 00 00 00 48 01 00 00 00 00 00 00 00 00 00 00 00 00 00 00 00 00 00 00 00 00 00 00 00 00 00 00 00 00 00 00 00 00 00 00 00 00 00
I 000000 04 13 05 01 80 00 01 00
I 000000 02 80 20 36 00 32 00 90 00 A1 21 E7 40 00 00 00 EE 07 79 AA F7 74 09 80 48 00 00 00 00 00 00 00 00 00 00 00 00 00 00 00 00 00 00 00 00 00 00 00 00 00 00 00 00 00 00 00 00 00 00
O 000000 02 80 20 36 00 32 00 43 00 A2 01 02 00 00 00 00 00 00 00 00 10 3D 60 00 00 12 00 00 00 00 00 00 00 00 00 00 00 00 00 00 00 00 00 00 00 00 00 00 00 00 00 00 00 00 00 00 00 00 00
I 000000 04 13 05 01 80 00 01 00
I 000000 02 80 20 36 00 32 00 90 00 A1 21 54 40 00 00 00 FE F7 76 A9 17 75 0A 90 10 3D 60 00 00 12 F0 07 7F F0 07 7F F0 07 7F F0 07 7F F0 07 7F F0 07 7F 00 00 00 00 00 00 00 00 00 00 00
# BT_HIDP_SW_SUBCMD_READ_SPI 0x603D
# 000000 F0 07 7F F0 07 7F F0 07 7F F0 07 7F F0 07 7F F0
# 000010 07 7F
O 000000 02 80 20 36 00 32 00 43 00 A2 01 03 00 00 00 00 00 00 00 00 10 86 60 00 00 12 00 00 00 00 00 00 00 00 00 00 00 00 00 00 00 00 00 00 00 00 00 00 00 00 00 00 00 00 00 00 00 00 00
I 000000 04 13 05 01 80 00 01 00
I 000000 02 80 20 11 00 0D 00 90 00 A1 3F 00 00 08 00 80 00 80 00 80 00 80
I 000000 02 80 20 36 00 32 00 90 00 A1 21 54 40 00 00 00 FE F7 76 A9 17 75 0A 90 10 86 60 00 00 12 0F 30 61 96 30 F3 D4 14 54 41 15 54 C7 79 9C 33 36 63 00 00 00 00 00 00 00 00 00 00 00
# BT_HIDP_SW_SUBCMD_READ_SPI 0x6086
# 000000 0F 30 61 96 30 F3 D4 14 54 41 15 54 C7 79 9C 33
# 000010 36 63
O 000000 02 80 20 36 00 32 00 43 00 A2 01 04 00 00 00 00 00 00 00 00 10 98 60 00 00 12 00 00 00 00 00 00 00 00 00 00 00 00 00 00 00 00 00 00 00 00 00 00 00 00 00 00 00 00 00 00 00 00 00
I 000000 04 13 05 01 80 00 01 00
I 000000 02 80 20 11 00 0D 00 90 00 A1 3F 00 00 08 00 80 00 80 00 80 00 80
I 000000 02 80 20 36 00 32 00 90 00 A1 21 54 40 00 00 00 FE F7 76 A9 17 75 0A 90 10 98 60 00 00 12 0F 30 61 96 30 F3 D4 14 54 41 15 54 C7 79 9C 33 36 63 00 00 00 00 00 00 00 00 00 00 00
# BT_HIDP_SW_SUBCMD_READ_SPI 0x6098
# 000000 0F 30 61 96 30 F3 D4 14 54 41 15 54 C7 79 9C 33
# 000010 36 63
O 000000 02 80 20 36 00 32 00 43 00 A2 01 05 00 00 00 00 00 00 00 00 10 10 80 00 00 16 00 00 00 00 00 00 00 00 00 00 00 00 00 00 00I 000000 02 80 20 11 00 0D 00 90 00 A1 3F 00 00 08 00 80 00 80 00 80 00 80
 00 00 00 00 00 00 00 00 00 00 00 00 00 00 00 00 00 00
I 000000 04 13 05 01 80 00 01 00
I 000000 02 80 20 11 00 0D 00 90 00 A1 3F 00 00 08 00 80 00 80 00 80 00 80
I 000000 02 80 20 36 00 32 00 90 00 A1 21 54 40 00 00 00 FE F7 76 A9 17 75 0A 90 10 10 80 00 00 16 FF FF FF FF FF FF FF FF FF FF FF FF FF FF FF FF FF FF FF FF FF FF 00 00 00 00 00 00 00
# BT_HIDP_SW_SUBCMD_READ_SPI 0x8010
# 000000 FF FF FF FF FF FF FF FF FF FF FF FF FF FF FF FF
# 000010 FF FF FF FF FF FF
# rel_min LX 7F0 RX 7F0
# neutral LX 7F0 RX 7F0
# rel_max LX 7F0 RX 7F0
# rel_min LY 7F0 RY 7F0
# neutral LY 7F0 RY 7F0
# rel_max LY 7F0 RY 7F0
#         LD 096 RD 096
O 000000 02 80 20 36 00 32 00 43 00 A2 01 06 00 00 00 00 00 00 00 00 03 30 00 00 00 00 00 00 00 00 00 00 00 00 00 00 00 00 00 00 00 00 00 00 00 00 00 00 00 00 00 00 00 00 00 00 00 00 00
I 000000 04 13 05 01 80 00 01 00
I 000000 02 80 20 36 00 32 00 90 00 A1 21 8F 40 00 00 00 DF 67 79 C0 27 75 09 80 03 00 00 00 00 00 00 00 00 00 00 00 00 00 00 00 00 00 00 00 00 00 00 00 00 00 00 00 00 00 00 00 00 00 00
I 000000 02 80 20 36 00 32 00 90 00 A1 30 06 40 00 00 00 0F 38 7F 0C 08 7F 0B 00 00 00 00 00 00 00 00 00 00 00 00 00 00 00 00 00 00 00 00 00 00 00 00 00 00 00 00 00 00 00 00 00 00 00 00
# bt_type_update: dev: 0 type: 5 subtype: 0
I 000000 02 80 20 36 00 32 00 90 00 A1 30 08 40 00 00 00 0E 38 7F 0B 18 7F 0B 00 00 00 00 00 00 00 00 00 00 00 00 00 00 00 00 00 00 00 00 00 00 00 00 00 00 00 00 00 00 00 00 00 00 00 00
I 000000 02 80 20 36 00 32 00 90 00 A1 30 0A 40 00 00 00 0F 48 7F 0C 08 7F 0B 00 00 00 00 00 00 00 00 00 00 00 00 00 00 00 00 00 00 00 00 00 00 00 00 00 00 00 00 00 00 00 00 00 00 00 00
I 000000 02 80 20 36 00 32 00 90 00 A1 30 0C 40 00 00 00 0F 48 7F 0C 08 7F 0B 00 00 00 00 00 00 00 00 00 00 00 00 00 00 00 00 00 00 00 00 00 00 00 00 00 00 00 00 00 00 00 00 00 00 00 00
I 000000 02 80 20 36 00 32 00 90 00 A1 30 0E 40 00 00 00 0F 48 7F 0B 28 7F 0B 00 00 00 00 00 00 00 00 00 00 00 00 00 00 00 00 00 00 00 00 00 00 00 00 00 00 00 00 00 00 00 00 00 00 00 00
I 000000 02 80 20 36 00 32 00 90 00 A1 30 10 40 00 00 00 0F 38 7F 0C 08 7F 0B 00 00 00 00 00 00 00 00 00 00 00 00 00 00 00 00 00 00 00 00 00 00 00 00 00 00 00 00 00 00 00 00 00 00 00 00
I 000000 02 80 20 36 00 32 00 90 00 A1 30 12 40 00 00 00 0F 48 7F 0C 18 7F 0B 00 00 00 00 00 00 00 00 00 00 00 00 00 00 00 00 00 00 00 00 00 00 00 00 00 00 00 00 00 00 00 00 00 00 00 00
I 000000 02 80 20 36 00 32 00 90 00 A1 30 14 40 00 00 00 0F 38 7F 0C 18 7F 0B 00 00 00 00 00 00 00 00 00 00 00 00 00 00 00 00 00 00 00 00 00 00 00 00 00 00 00 00 00 00 00 00 00 00 00 00
I 000000 02 80 20 36 00 32 00 90 00 A1 30 16 40 00 00 00 0F 48 7F 0C 18 7F 0B 00 00 00 00 00 00 00 00 00 00 00 00 00 00 00 00 00 00 00 00 00 00 00 00 00 00 00 00 00 00 00 00 00 00 00 00
I 000000 02 80 20 36 00 32 00 90 00 A1 30 18 40 00 00 00 0F 48 7F 0B F8 7F 0B 00 00 00 00 00 00 00 00 00 00 00 00 00 00 00 00 00 00 00 00 00 00 00 00 00 00 00 00 00 00 00 00 00 00 00 00
I 000000 02 80 20 36 00 32 00 90 00 A1 30 1A 40 00 00 00 0E 48 7F 0C 18 7F 0B 00 00 00 00 00 00 00 00 00 00 00 00 00 00 00 00 00 00 00 00 00 00 00 00 00 00 00 00 00 00 00 00 00 00 00 00
I 000000 02 80 20 36 00 32 00 90 00 A1 30 1C 40 00 00 00 0F 38 7F 0C 08 7F 0B 00 00 00 00 00 00 00 00 00 00 00 00 00 00 00 00 00 00 00 00 00 00 00 00 00 00 00 00 00 00 00 00 00 00 00 00
I 000000 02 80 20 36 00 32 00 90 00 A1 30 1E 40 00 00 00 0F 48 7F 0B 18 7F 0B 00 00 00 00 00 00 00 00 00 00 00 00 00 00 00 00 00 00 00 00 00 00 00 00 00 00 00 00 00 00 00 00 00 00 00 00
I 000000 02 80 20 36 00 32 00 90 00 A1 30 20 40 00 00 00 0E 48 7F 0D 18 7F 0B 00 00 00 00 00 00 00 00 00 00 00 00 00 00 00 00 00 00 00 00 00 00 00 00 00 00 00 00 00 00 00 00 00 00 00 00
I 000000 02 80 20 36 00 32 00 90 00 A1 30 22 40 00 00 00 0F 48 7F 0C 18 7F 0B 00 00 00 00 00 00 00 00 00 00 00 00 00 00 00 00 00 00 00 00 00 00 00 00 00 00 00 00 00 00 00 00 00 00 00 00
I 000000 02 80 20 36 00 32 00 90 00 A1 30 24 40 00 00 00 00 48 7F 0C 08 7F 0B 00 00 00 00 00 00 00 00 00 00 00 00 00 00 00 00 00 00 00 00 00 00 00 00 00 00 00 00 00 00 00 00 00 00 00 00
I 000000 02 80 20 36 00 32 00 90 00 A1 30 26 40 00 00 00 0E 38 7F 0B 18 7F 0B 00 00 00 00 00 00 00 00 00 00 00 00 00 00 00 00 00 00 00 00 00 00 00 00 00 00 00 00 00 00 00 00 00 00 00 00
I 000000 02 80 20 36 00 32 00 90 00 A1 30 28 40 00 00 00 0F 38 7F 0C 18 7F 0B 00 00 00 00 00 00 00 00 00 00 00 00 00 00 00 00 00 00 00 00 00 00 00 00 00 00 00 00 00 00 00 00 00 00 00 00
I 000000 02 80 20 36 00 32 00 90 00 A1 30 2A 40 00 00 00 0F 38 7F 0C 18 7F 0B 00 00 00 00 00 00 00 00 00 00 00 00 00 00 00 00 00 00 00 00 00 00 00 00 00 00 00 00 00 00 00 00 00 00 00 00
I 000000 02 80 20 36 00 32 00 90 00 A1 30 2C 40 00 00 00 0F 38 7F 0D 18 7F 0B 00 00 00 00 00 00 00 00 00 00 00 00 00 00 00 00 00 00 00 00 00 00 00 00 00 00 00 00 00 00 00 00 00 00 00 00
I 000000 02 80 20 36 00 32 00 90 00 A1 30 2E 40 00 00 00 0F 48 7F 0C 18 7F 0B 00 00 00 00 00 00 00 00 00 00 00 00 00 00 00 00 00 00 00 00 00 00 00 00 00 00 00 00 00 00 00 00 00 00 00 00
I 000000 02 80 20 36 00 32 00 90 00 A1 30 30 40 00 00 00 0F 38 7F 0B 08 7F 0B 00 00 00 00 00 00 00 00 00 00 00 00 00 00 00 00 00 00 00 00 00 00 00 00 00 00 00 00 00 00 00 00 00 00 00 00
I 000000 02 80 20 36 00 32 00 90 00 A1 30 32 40 00 00 00 0E 38 7F 0B F8 7F 0B 00 00 00 00 00 00 00 00 00 00 00 00 00 00 00 00 00 00 00 00 00 00 00 00 00 00 00 00 00 00 00 00 00 00 00 00
I 000000 02 80 20 36 00 32 00 90 00 A1 30 34 40 00 00 00 0F 38 7F 0C 28 7F 0B 00 00 00 00 00 00 00 00 00 00 00 00 00 00 00 00 00 00 00 00 00 00 00 00 00 00 00 00 00 00 00 00 00 00 00 00
I 000000 02 80 20 36 00 32 00 90 00 A1 30 36 40 00 00 00 0E 38 7F 0C 18 7F 0B 00 00 00 00 00 00 00 00 00 00 00 00 00 00 00 00 00 00 00 00 00 00 00 00 00 00 00 00 00 00 00 00 00 00 00 00
I 000000 02 80 20 36 00 32 00 90 00 A1 30 38 40 00 00 00 0F 38 7F 0C 18 7F 0B 00 00 00 00 00 00 00 00 00 00 00 00 00 00 00 00 00 00 00 00 00 00 00 00 00 00 00 00 00 00 00 00 00 00 00 00
I 000000 02 80 20 36 00 32 00 90 00 A1 30 3A 40 00 00 00 0E 38 7F 0B 18 7F 0B 00 00 00 00 00 00 00 00 00 00 00 00 00 00 00 00 00 00 00 00 00 00 00 00 00 00 00 00 00 00 00 00 00 00 00 00
I 000000 02 80 20 36 00 32 00 90 00 A1 30 3C 40 00 00 00 0F 38 7F 0C 08 7F 0B 00 00 00 00 00 00 00 00 00 00 00 00 00 00 00 00 00 00 00 00 00 00 00 00 00 00 00 00 00 00 00 00 00 00 00 00
I 000000 02 80 20 36 00 32 00 90 00 A1 30 3E 40 00 00 00 0F 38 7F 0C 08 7F 0B 00 00 00 00 00 00 00 00 00 00 00 00 00 00 00 00 00 00 00 00 00 00 00 00 00 00 00 00 00 00 00 00 00 00 00 00
I 000000 02 80 20 36 00 32 00 90 00 A1 30 40 40 00 00 00 0F 38 7F 0C 18 7F 0B 00 00 00 00 00 00 00 00 00 00 00 00 00 00 00 00 00 00 00 00 00 00 00 00 00 00 00 00 00 00 00 00 00 00 00 00
I 000000 02 80 20 36 00 32 00 90 00 A1 30 42 40 00 00 00 0F 38 7F 0C 18 7F 0B 00 00 00 00 00 00 00 00 00 00 00 00 00 00 00 00 00 00 00 00 00 00 00 00 00 00 00 00 00 00 00 00 00 00 00 00
I 000000 02 80 20 36 00 32 00 90 00 A1 30 44 40 00 00 00 0E 38 7F 0C 18 7F 0B 00 00 00 00 00 00 00 00 00 00 00 00 00 00 00 00 00 00 00 00 00 00 00 00 00 00 00 00 00 00 00 00 00 00 00 00
I 000000 02 80 20 36 00 32 00 90 00 A1 30 46 40 00 00 00 0F 38 7F 0B 18 7F 0B 00 00 00 00 00 00 00 00 00 00 00 00 00 00 00 00 00 00 00 00 00 00 00 00 00 00 00 00 00 00 00 00 00 00 00 00
I 000000 02 80 20 36 00 32 00 90 00 A1 30 48 40 00 00 00 0F 58 7F 0C 18 7F 0B 00 00 00 00 00 00 00 00 00 00 00 00 00 00 00 00 00 00 00 00 00 00 00 00 00 00 00 00 00 00 00 00 00 00 00 00
I 000000 02 80 20 36 00 32 00 90 00 A1 30 4A 40 00 00 00 0F 48 7F 0D 08 7F 0B 00 00 00 00 00 00 00 00 00 00 00 00 00 00 00 00 00 00 00 00 00 00 00 00 00 00 00 00 00 00 00 00 00 00 00 00
I 000000 02 80 20 36 00 32 00 90 00 A1 30 4C 40 00 00 00 0E 38 7F 0C 08 7F 0B 00 00 00 00 00 00 00 00 00 00 00 00 00 00 00 00 00 00 00 00 00 00 00 00 00 00 00 00 00 00 00 00 00 00 00 00
I 000000 02 80 20 36 00 32 00 90 00 A1 30 4E 40 00 00 00 0F 48 7F 0D 18 7F 0B 00 00 00 00 00 00 00 00 00 00 00 00 00 00 00 00 00 00 00 00 00 00 00 00 00 00 00 00 00 00 00 00 00 00 00 00
I 000000 02 80 20 36 00 32 00 90 00 A1 30 50 40 00 00 00 0F 38 7F 0C 18 7F 0B 00 00 00 00 00 00 00 00 00 00 00 00 00 00 00 00 00 00 00 00 00 00 00 00 00 00 00 00 00 00 00 00 00 00 00 00
I 000000 02 80 20 36 00 32 00 90 00 A1 30 52 40 00 00 00 0F 48 7F 0C 18 7F 0B 00 00 00 00 00 00 00 00 00 00 00 00 00 00 00 00 00 00 00 00 00 00 00 00 00 00 00 00 00 00 00 00 00 00 00 00
I 000000 02 80 20 36 00 32 00 90 00 A1 30 54 40 00 00 00 0E 28 7F 0C 08 7F 0B 00 00 00 00 00 00 00 00 00 00 00 00 00 00 00 00 00 00 00 00 00 00 00 00 00 00 00 00 00 00 00 00 00 00 00 00
I 000000 02 80 20 36 00 32 00 90 00 A1 30 56 40 00 00 00 0E 48 7F 0C 18 7F 0B 00 00 00 00 00 00 00 00 00 00 00 00 00 00 00 00 00 00 00 00 00 00 00 00 00 00 00 00 00 00 00 00 00 00 00 00
I 000000 02 80 20 36 00 32 00 90 00 A1 30 58 40 00 00 00 0F 38 7F 0C 08 7F 0B 00 00 00 00 00 00 00 00 00 00 00 00 00 00 00 00 00 00 00 00 00 00 00 00 00 00 00 00 00 00 00 00 00 00 00 00
I 000000 02 80 20 36 00 32 00 90 00 A1 30 5A 40 00 00 00 0F 48 7F 0C 08 7F 0B 00 00 00 00 00 00 00 00 00 00 00 00 00 00 00 00 00 00 00 00 00 00 00 00 00 00 00 00 00 00 00 00 00 00 00 00
I 000000 02 80 20 36 00 32 00 90 00 A1 30 5C 40 00 00 00 0E 38 7F 0C 08 7F 0B 00 00 00 00 00 00 00 00 00 00 00 00 00 00 00 00 00 00 00 00 00 00 00 00 00 00 00 00 00 00 00 00 00 00 00 00
I 000000 02 80 20 36 00 32 00 90 00 A1 30 5E 40 00 00 00 0F 38 7F 0C 18 7F 0B 00 00 00 00 00 00 00 00 00 00 00 00 00 00 00 00 00 00 00 00 00 00 00 00 00 00 00 00 00 00 00 00 00 00 00 00
I 000000 02 80 20 36 00 32 00 90 00 A1 30 60 40 00 00 00 0F 48 7F 0B 18 7F 0B 00 00 00 00 00 00 00 00 00 00 00 00 00 00 00 00 00 00 00 00 00 00 00 00 00 00 00 00 00 00 00 00 00 00 00 00
I 000000 02 80 20 36 00 32 00 90 00 A1 30 62 40 00 00 00 0E 38 7F 0C 18 7F 0B 00 00 00 00 00 00 00 00 00 00 00 00 00 00 00 00 00 00 00 00 00 00 00 00 00 00 00 00 00 00 00 00 00 00 00 00
I 000000 02 80 20 36 00 32 00 90 00 A1 30 64 40 00 00 00 0F 48 7F 0C 18 7F 0B 00 00 00 00 00 00 00 00 00 00 00 00 00 00 00 00 00 00 00 00 00 00 00 00 00 00 00 00 00 00 00 00 00 00 00 00
I 000000 02 80 20 36 00 32 00 90 00 A1 30 66 40 00 00 00 0E 38 7F 0D 08 7F 0B 00 00 00 00 00 00 00 00 00 00 00 00 00 00 00 00 00 00 00 00 00 00 00 00 00 00 00 00 00 00 00 00 00 00 00 00
I 000000 02 80 20 36 00 32 00 90 00 A1 30 68 40 00 00 00 0E 38 7F 0D 08 7F 0B 00 00 00 00 00 00 00 00 00 00 00 00 00 00 00 00 00 00 00 00 00 00 00 00 00 00 00 00 00 00 00 00 00 00 00 00
I 000000 02 80 20 36 00 32 00 90 00 A1 30 6A 40 00 00 00 00 38 7F 0C 18 7F 0B 00 00 00 00 00 00 00 00 00 00 00 00 00 00 00 00 00 00 00 00 00 00 00 00 00 00 00 00 00 00 00 00 00 00 00 00
I 000000 02 80 20 36 00 32 00 90 00 A1 30 6C 40 00 00 00 0F 48 7F 0C 18 7F 0B 00 00 00 00 00 00 00 00 00 00 00 00 00 00 00 00 00 00 00 00 00 00 00 00 00 00 00 00 00 00 00 00 00 00 00 00
I 000000 02 80 20 36 00 32 00 90 00 A1 30 6E 40 00 00 00 0F 48 7F 0C 18 7F 0B 00 00 00 00 00 00 00 00 00 00 00 00 00 00 00 00 00 00 00 00 00 00 00 00 00 00 00 00 00 00 00 00 00 00 00 00
I 000000 02 80 20 36 00 32 00 90 00 A1 30 70 40 00 00 00 0F 58 7F 0C 18 7F 0B 00 00 00 00 00 00 00 00 00 00 00 00 00 00 00 00 00 00 00 00 00 00 00 00 00 00 00 00 00 00 00 00 00 00 00 00
I 000000 02 80 20 36 00 32 00 90 00 A1 30 72 40 00 00 00 0F 38 7F 0D 08 7F 0B 00 00 00 00 00 00 00 00 00 00 00 00 00 00 00 00 00 00 00 00 00 00 00 00 00 00 00 00 00 00 00 00 00 00 00 00
I 000000 02 80 20 36 00 32 00 90 00 A1 30 74 40 00 00 00 0F 38 7F 0C 18 7F 0B 00 00 00 00 00 00 00 00 00 00 00 00 00 00 00 00 00 00 00 00 00 00 00 00 00 00 00 00 00 00 00 00 00 00 00 00
I 000000 02 80 20 36 00 32 00 90 00 A1 30 76 40 00 00 00 0E 38 7F 0B 08 7F 0B 00 00 00 00 00 00 00 00 00 00 00 00 00 00 00 00 00 00 00 00 00 00 00 00 00 00 00 00 00 00 00 00 00 00 00 00
I 000000 02 80 20 36 00 32 00 90 00 A1 30 78 40 00 00 00 0F 48 7F 0C 38 7F 0B 00 00 00 00 00 00 00 00 00 00 00 00 00 00 00 00 00 00 00 00 00 00 00 00 00 00 00 00 00 00 00 00 00 00 00 00
I 000000 02 80 20 36 00 32 00 90 00 A1 30 7A 40 00 00 00 0E 38 7F 0C 18 7F 0B 00 00 00 00 00 00 00 00 00 00 00 00 00 00 00 00 00 00 00 00 00 00 00 00 00 00 00 00 00 00 00 00 00 00 00 00
I 000000 02 80 20 36 00 32 00 90 00 A1 30 7C 40 00 00 00 0F 48 7F 0C 28 7F 0B 00 00 00 00 00 00 00 00 00 00 00 00 00 00 00 00 00 00 00 00 00 00 00 00 00 00 00 00 00 00 00 00 00 00 00 00
I 000000 02 80 20 36 00 32 00 90 00 A1 30 7E 40 00 00 00 0E 48 7F 0C 18 7F 0B 00 00 00 00 00 00 00 00 00 00 00 00 00 00 00 00 00 00 00 00 00 00 00 00 00 00 00 00 00 00 00 00 00 00 00 00
I 000000 02 80 20 36 00 32 00 90 00 A1 30 80 40 00 00 00 0E 48 7F 0C 08 7F 0B 00 00 00 00 00 00 00 00 00 00 00 00 00 00 00 00 00 00 00 00 00 00 00 00 00 00 00 00 00 00 00 00 00 00 00 00
I 000000 02 80 20 36 00 32 00 90 00 A1 30 82 40 00 00 00 0F 48 7F 0C 18 7F 0B 00 00 00 00 00 00 00 00 00 00 00 00 00 00 00 00 00 00 00 00 00 00 00 00 00 00 00 00 00 00 00 00 00 00 00 00
I 000000 02 80 20 36 00 32 00 90 00 A1 30 84 40 00 00 00 0F 48 7F 0C 18 7F 0B 00 00 00 00 00 00 00 00 00 00 00 00 00 00 00 00 00 00 00 00 00 00 00 00 00 00 00 00 00 00 00 00 00 00 00 00
I 000000 02 80 20 36 00 32 00 90 00 A1 30 86 40 00 00 00 0F 38 7F 0C 18 7F 0B 00 00 00 00 00 00 00 00 00 00 00 00 00 00 00 00 00 00 00 00 00 00 00 00 00 00 00 00 00 00 00 00 00 00 00 00
I 000000 02 80 20 36 00 32 00 90 00 A1 30 88 60 00 00 00 0E 38 7F 0D 08 7F 0B 00 00 00 00 00 00 00 00 00 00 00 00 00 00 00 00 00 00 00 00 00 00 00 00 00 00 00 00 00 00 00 00 00 00 00 00
I 000000 02 80 20 36 00 32 00 90 00 A1 30 8A 60 00 00 00 0E 48 7F 0C 18 7F 0B 00 00 00 00 00 00 00 00 00 00 00 00 00 00 00 00 00 00 00 00 00 00 00 00 00 00 00 00 00 00 00 00 00 00 00 00
I 000000 02 80 20 36 00 32 00 90 00 A1 30 8C 60 00 00 00 01 48 7F 0C 08 7F 0B 00 00 00 00 00 00 00 00 00 00 00 00 00 00 00 00 00 00 00 00 00 00 00 00 00 00 00 00 00 00 00 00 00 00 00 00
I 000000 02 80 20 36 00 32 00 90 00 A1 30 8E 60 00 00 08 0F 58 7F 0C 08 7F 0B 00 00 00 00 00 00 00 00 00 00 00 00 00 00 00 00 00 00 00 00 00 00 00 00 00 00 00 00 00 00 00 00 00 00 00 00
I 000000 02 80 20 36 00 32 00 90 00 A1 30 90 60 00 00 08 0F 38 7F 0C 18 7F 0B 00 00 00 00 00 00 00 00 00 00 00 00 00 00 00 00 00 00 00 00 00 00 00 00 00 00 00 00 00 00 00 00 00 00 00 00
I 000000 02 80 20 36 00 32 00 90 00 A1 30 92 60 00 00 08 0F 48 7F 0C 18 7F 0B 00 00 00 00 00 00 00 00 00 00 00 00 00 00 00 00 00 00 00 00 00 00 00 00 00 00 00 00 00 00 00 00 00 00 00 00
I 000000 02 80 20 36 00 32 00 90 00 A1 30 94 60 00 00 08 0F 48 7F 0C 18 7F 0B 00 00 00 00 00 00 00 00 00 00 00 00 00 00 00 00 00 00 00 00 00 00 00 00 00 00 00 00 00 00 00 00 00 00 00 00
I 000000 02 80 20 36 00 32 00 90 00 A1 30 96 60 00 00 08 0F 48 7F 0D 18 7F 0B 00 00 00 00 00 00 00 00 00 00 00 00 00 00 00 00 00 00 00 00 00 00 00 00 00 00 00 00 00 00 00 00 00 00 00 00
I 000000 02 80 20 36 00 32 00 90 00 A1 30 98 60 00 00 08 0F 38 7F 0B 08 7F 0B 00 00 00 00 00 00 00 00 00 00 00 00 00 00 00 00 00 00 00 00 00 00 00 00 00 00 00 00 00 00 00 00 00 00 00 00
I 000000 02 80 20 36 00 32 00 90 00 A1 30 9A 60 00 00 08 0F 48 7F 0D 18 7F 0B 00 00 00 00 00 00 00 00 00 00 00 00 00 00 00 00 00 00 00 00 00 00 00 00 00 00 00 00 00 00 00 00 00 00 00 00
I 000000 02 80 20 36 00 32 00 90 00 A1 30 9C 60 00 00 01 0D 48 7F 0C F8 7F 0B 00 00 00 00 00 00 00 00 00 00 00 00 00 00 00 00 00 00 00 00 00 00 00 00 00 00 00 00 00 00 00 00 00 00 00 00
I 000000 02 80 20 36 00 32 00 90 00 A1 30 9E 60 00 00 01 0F 48 7F 0C 18 7F 0B 00 00 00 00 00 00 00 00 00 00 00 00 00 00 00 00 00 00 00 00 00 00 00 00 00 00 00 00 00 00 00 00 00 00 00 00
I 000000 02 80 20 36 00 32 00 90 00 A1 30 A0 60 00 00 01 0F 48 7F 0B 28 7F 0B 00 00 00 00 00 00 00 00 00 00 00 00 00 00 00 00 00 00 00 00 00 00 00 00 00 00 00 00 00 00 00 00 00 00 00 00
I 000000 02 80 20 36 00 32 00 90 00 A1 30 A2 60 00 00 01 0F 48 7F 0C 18 7F 0B 00 00 00 00 00 00 00 00 00 00 00 00 00 00 00 00 00 00 00 00 00 00 00 00 00 00 00 00 00 00 00 00 00 00 00 00
I 000000 02 80 20 36 00 32 00 90 00 A1 30 A4 60 00 00 05 0F 38 7F 0C 18 7F 0B 00 00 00 00 00 00 00 00 00 00 00 00 00 00 00 00 00 00 00 00 00 00 00 00 00 00 00 00 00 00 00 00 00 00 00 00
I 000000 02 80 20 36 00 32 00 90 00 A1 30 A6 60 00 00 04 0F 38 7F 0C 18 7F 0B 00 00 00 00 00 00 00 00 00 00 00 00 00 00 00 00 00 00 00 00 00 00 00 00 00 00 00 00 00 00 00 00 00 00 00 00
I 000000 02 80 20 36 00 32 00 90 00 A1 30 A8 60 00 00 04 0E 38 7F 0D 08 7F 0B 00 00 00 00 00 00 00 00 00 00 00 00 00 00 00 00 00 00 00 00 00 00 00 00 00 00 00 00 00 00 00 00 00 00 00 00
I 000000 02 80 20 36 00 32 00 90 00 A1 30 AA 60 00 00 02 0E 38 7F 0C 18 7F 0B 00 00 00 00 00 00 00 00 00 00 00 00 00 00 00 00 00 00 00 00 00 00 00 00 00 00 00 00 00 00 00 00 00 00 00 00
I 000000 02 80 20 36 00 32 00 90 00 A1 30 AC 60 00 00 02 0F 48 7F 0D 08 7F 0B 00 00 00 00 00 00 00 00 00 00 00 00 00 00 00 00 00 00 00 00 00 00 00 00 00 00 00 00 00 00 00 00 00 00 00 00
I 000000 02 80 20 36 00 32 00 90 00 A1 30 AE 60 00 00 02 0B 58 7F 0C 08 7F 0B 00 00 00 00 00 00 00 00 00 00 00 00 00 00 00 00 00 00 00 00 00 00 00 00 00 00 00 00 00 00 00 00 00 00 00 00
I 000000 02 80 20 36 00 32 00 90 00 A1 30 B0 60 00 00 0A 0F 38 7F 0C 18 7F 0B 00 00 00 00 00 00 00 00 00 00 00 00 00 00 00 00 00 00 00 00 00 00 00 00 00 00 00 00 00 00 00 00 00 00 00 00
I 000000 02 80 20 36 00 32 00 90 00 A1 30 B2 60 00 00 0A 0F 48 7F 0C 08 7F 0B 00 00 00 00 00 00 00 00 00 00 00 00 00 00 00 00 00 00 00 00 00 00 00 00 00 00 00 00 00 00 00 00 00 00 00 00
I 000000 02 80 20 36 00 32 00 90 00 A1 30 B4 60 00 00 08 00 48 7F 0C 08 7F 0B 00 00 00 00 00 00 00 00 00 00 00 00 00 00 00 00 00 00 00 00 00 00 00 00 00 00 00 00 00 00 00 00 00 00 00 00
I 000000 02 80 20 36 00 32 00 90 00 A1 30 B6 60 00 00 09 0F 58 7F 0F 08 7F 0B 00 00 00 00 00 00 00 00 00 00 00 00 00 00 00 00 00 00 00 00 00 00 00 00 00 00 00 00 00 00 00 00 00 00 00 00
I 000000 02 80 20 36 00 32 00 90 00 A1 30 B8 60 00 00 01 0E 38 7F 0B 18 7F 0B 00 00 00 00 00 00 00 00 00 00 00 00 00 00 00 00 00 00 00 00 00 00 00 00 00 00 00 00 00 00 00 00 00 00 00 00
I 000000 02 80 20 36 00 32 00 90 00 A1 30 BA 60 00 00 01 0F 38 7F 0D 08 7F 0B 00 00 00 00 00 00 00 00 00 00 00 00 00 00 00 00 00 00 00 00 00 00 00 00 00 00 00 00 00 00 00 00 00 00 00 00
I 000000 02 80 20 36 00 32 00 90 00 A1 30 BC 60 00 00 05 0F 48 7F 0C 18 7F 0B 00 00 00 00 00 00 00 00 00 00 00 00 00 00 00 00 00 00 00 00 00 00 00 00 00 00 00 00 00 00 00 00 00 00 00 00
I 000000 02 80 20 36 00 32 00 90 00 A1 30 BE 60 00 00 05 0F 38 7F 0D 08 7F 0B 00 00 00 00 00 00 00 00 00 00 00 00 00 00 00 00 00 00 00 00 00 00 00 00 00 00 00 00 00 00 00 00 00 00 00 00
I 000000 02 80 20 36 00 32 00 90 00 A1 30 C0 60 00 00 05 0D 48 7F 0C 08 7F 0B 00 00 00 00 00 00 00 00 00 00 00 00 00 00 00 00 00 00 00 00 00 00 00 00 00 00 00 00 00 00 00 00 00 00 00 00
I 000000 02 80 20 36 00 32 00 90 00 A1 30 C2 60 00 00 04 0F 48 7F 0C 18 7F 0B 00 00 00 00 00 00 00 00 00 00 00 00 00 00 00 00 00 00 00 00 00 00 00 00 00 00 00 00 00 00 00 00 00 00 00 00
I 000000 02 80 20 36 00 32 00 90 00 A1 30 C4 60 00 00 02 0F 38 7F 0B 18 7F 0B 00 00 00 00 00 00 00 00 00 00 00 00 00 00 00 00 00 00 00 00 00 00 00 00 00 00 00 00 00 00 00 00 00 00 00 00
I 000000 02 80 20 36 00 32 00 90 00 A1 30 C6 60 00 00 02 0F 48 7F 0B 18 7F 0B 00 00 00 00 00 00 00 00 00 00 00 00 00 00 00 00 00 00 00 00 00 00 00 00 00 00 00 00 00 00 00 00 00 00 00 00
I 000000 02 80 20 36 00 32 00 90 00 A1 30 C8 60 00 00 02 0F 48 7F 0B 08 7F 0B 00 00 00 00 00 00 00 00 00 00 00 00 00 00 00 00 00 00 00 00 00 00 00 00 00 00 00 00 00 00 00 00 00 00 00 00
I 000000 02 80 20 36 00 32 00 90 00 A1 30 CA 60 00 00 02 0E 38 7F 0C 08 7F 0B 00 00 00 00 00 00 00 00 00 00 00 00 00 00 00 00 00 00 00 00 00 00 00 00 00 00 00 00 00 00 00 00 00 00 00 00
# bt_host_task dev: 0 report stalled
# bt_hci_cmd_exit_sniff_mode
O 000000 01 04 08 02 80 00
I 000000 04 0F 04 0C 05 04 08
# BT_HCI_EVT_CMD_STATUS
# opcode: 0x0804 error: 0x0C
I 000000 02 80 20 36 00 32 00 90 00 A1 30 CC 60 00 00 02 0F 38 7F 0B 18 7F 0B 00 00 00 00 00 00 00 00 00 00 00 00 00 00 00 00 00 00 00 00 00 00 00 00 00 00 00 00 00 00 00 00 00 00 00 00
I 000000 02 80 20 36 00 32 00 90 00 A1 30 CE 60 00 00 00 0E 48 7F 0C 18 7F 0B 00 00 00 00 00 00 00 00 00 00 00 00 00 00 00 00 00 00 00 00 00 00 00 00 00 00 00 00 00 00 00 00 00 00 00 00
I 000000 02 80 20 36 00 32 00 90 00 A1 30 D0 60 00 00 00 0E 38 7F 0C 08 7F 0B 00 00 00 00 00 00 00 00 00 00 00 00 00 00 00 00 00 00 00 00 00 00 00 00 00 00 00 00 00 00 00 00 00 00 00 00
I 000000 02 80 20 36 00 32 00 90 00 A1 30 D2 60 00 00 00 0F 48 7F 0C 08 7F 0B 00 00 00 00 00 00 00 00 00 00 00 00 00 00 00 00 00 00 00 00 00 00 00 00 00 00 00 00 00 00 00 00 00 00 00 00
I 000000 02 80 20 36 00 32 00 90 00 A1 30 D4 60 00 00 00 0F 58 7F 0C 08 7F 0B 00 00 00 00 00 00 00 00 00 00 00 00 00 00 00 00 00 00 00 00 00 00 00 00 00 00 00 00 00 00 00 00 00 00 00 00
I 000000 02 80 20 36 00 32 00 90 00 A1 30 D6 60 00 00 00 0E 48 7F 0B 18 7F 0B 00 00 00 00 00 00 00 00 00 00 00 00 00 00 00 00 00 00 00 00 00 00 00 00 00 00 00 00 00 00 00 00 00 00 00 00
I 000000 02 80 20 36 00 32 00 90 00 A1 30 D8 60 00 00 00 0F 48 7F 0C 18 7F 0B 00 00 00 00 00 00 00 00 00 00 00 00 00 00 00 00 00 00 00 00 00 00 00 00 00 00 00 00 00 00 00 00 00 00 00 00
I 000000 02 80 20 36 00 32 00 90 00 A1 30 DA 60 00 00 00 0F 48 7F 0C 08 7F 0B 00 00 00 00 00 00 00 00 00 00 00 00 00 00 00 00 00 00 00 00 00 00 00 00 00 00 00 00 00 00 00 00 00 00 00 00
I 000000 02 80 20 36 00 32 00 90 00 A1 30 DC 60 00 00 00 0F 38 7F 0C 08 7F 0B 00 00 00 00 00 00 00 00 00 00 00 00 00 00 00 00 00 00 00 00 00 00 00 00 00 00 00 00 00 00 00 00 00 00 00 00
I 000000 02 80 20 36 00 32 00 90 00 A1 30 DE 60 00 00 00 0F 38 7F 0C 18 7F 0B 00 00 00 00 00 00 00 00 00 00 00 00 00 00 00 00 00 00 00 00 00 00 00 00 00 00 00 00 00 00 00 00 00 00 00 00
I 000000 02 80 20 36 00 32 00 90 00 A1 30 E0 60 00 00 00 0E 48 7F 0C 08 7F 0B 00 00 00 00 00 00 00 00 00 00 00 00 00 00 00 00 00 00 00 00 00 00 00 00 00 00 00 00 00 00 00 00 00 00 00 00
I 000000 02 80 20 36 00 32 00 90 00 A1 30 E2 60 00 00 00 0F 48 7F 0C 18 7F 0B 00 00 00 00 00 00 00 00 00 00 00 00 00 00 00 00 00 00 00 00 00 00 00 00 00 00 00 00 00 00 00 00 00 00 00 00
I 000000 02 80 20 36 00 32 00 90 00 A1 30 E4 60 00 00 00 0F 48 7F 0C 18 7F 0B 00 00 00 00 00 00 00 00 00 00 00 00 00 00 00 00 00 00 00 00 00 00 00 00 00 00 00 00 00 00 00 00 00 00 00 00
I 000000 02 80 20 36 00 32 00 90 00 A1 30 E6 60 00 00 00 01 28 7F 0C 18 7F 0B 00 00 00 00 00 00 00 00 00 00 00 00 00 00 00 00 00 00 00 00 00 00 00 00 00 00 00 00 00 00 00 00 00 00 00 00
I 000000 02 80 20 36 00 32 00 90 00 A1 30 E8 60 00 00 00 0F 48 7F 0C 18 7F 0B 00 00 00 00 00 00 00 00 00 00 00 00 00 00 00 00 00 00 00 00 00 00 00 00 00 00 00 00 00 00 00 00 00 00 00 00
I 000000 02 80 20 36 00 32 00 90 00 A1 30 EA 60 00 00 00 0F 38 7F 0C F8 7F 0B 00 00 00 00 00 00 00 00 00 00 00 00 00 00 00 00 00 00 00 00 00 00 00 00 00 00 00 00 00 00 00 00 00 00 00 00
I 000000 02 80 20 36 00 32 00 90 00 A1 30 EC 60 00 00 00 0F 48 7F 05 78 7F 0B 00 00 00 00 00 00 00 00 00 00 00 00 00 00 00 00 00 00 00 00 00 00 00 00 00 00 00 00 00 00 00 00 00 00 00 00
I 000000 02 80 20 36 00 32 00 90 00 A1 30 EE 60 00 00 00 0F 48 7F 04 78 7F 0B 00 00 00 00 00 00 00 00 00 00 00 00 00 00 00 00 00 00 00 00 00 00 00 00 00 00 00 00 00 00 00 00 00 00 00 00
I 000000 02 80 20 36 00 32 00 90 00 A1 30 F0 60 00 00 00 0F 38 7F 04 58 7F 0B 00 00 00 00 00 00 00 00 00 00 00 00 00 00 00 00 00 00 00 00 00 00 00 00 00 00 00 00 00 00 00 00 00 00 00 00
I 000000 02 80 20 36 00 32 00 90 00 A1 30 F2 60 00 00 00 0F 48 7F 06 58 7F 0B 00 00 00 00 00 00 00 00 00 00 00 00 00 00 00 00 00 00 00 00 00 00 00 00 00 00 00 00 00 00 00 00 00 00 00 00
I 000000 02 80 20 36 00 32 00 90 00 A1 30 F4 60 00 00 00 0F 38 7F 05 E8 7F 0B 00 00 00 00 00 00 00 00 00 00 00 00 00 00 00 00 00 00 00 00 00 00 00 00 00 00 00 00 00 00 00 00 00 00 00 00
I 000000 02 80 20 36 00 32 00 90 00 A1 30 F6 60 00 00 00 0F 38 7F 06 D8 7F 0B 00 00 00 00 00 00 00 00 00 00 00 00 00 00 00 00 00 00 00 00 00 00 00 00 00 00 00 00 00 00 00 00 00 00 00 00
I 000000 02 80 20 36 00 32 00 90 00 A1 30 F8 60 00 00 00 0F 48 7F 05 D8 7F 0B 00 00 00 00 00 00 00 00 00 00 00 00 00 00 00 00 00 00 00 00 00 00 00 00 00 00 00 00 00 00 00 00 00 00 00 00
I 000000 02 80 20 36 00 32 00 90 00 A1 30 FA 60 00 00 00 0F 38 7F 05 E8 7F 0B 00 00 00 00 00 00 00 00 00 00 00 00 00 00 00 00 00 00 00 00 00 00 00 00 00 00 00 00 00 00 00 00 00 00 00 00
I 000000 02 80 20 36 00 32 00 90 00 A1 30 FC 60 00 00 00 0F 58 7F 05 E8 7F 0B 00 00 00 00 00 00 00 00 00 00 00 00 00 00 00 00 00 00 00 00 00 00 00 00 00 00 00 00 00 00 00 00 00 00 00 00
I 000000 02 80 20 36 00 32 00 90 00 A1 30 FE 60 00 00 00 9B 68 82 05 D8 7F 0B 00 00 00 00 00 00 00 00 00 00 00 00 00 00 00 00 00 00 00 00 00 00 00 00 00 00 00 00 00 00 00 00 00 00 00 00
I 000000 02 80 20 36 00 32 00 90 00 A1 30 00 60 00 00 00 98 5C AE 05 D8 7F 0B 00 00 00 00 00 00 00 00 00 00 00 00 00 00 00 00 00 00 00 00 00 00 00 00 00 00 00 00 00 00 00 00 00 00 00 00
I 000000 02 80 20 36 00 32 00 90 00 A1 30 02 60 00 00 00 2E 2E D3 04 E8 7F 0B 00 00 00 00 00 00 00 00 00 00 00 00 00 00 00 00 00 00 00 00 00 00 00 00 00 00 00 00 00 00 00 00 00 00 00 00
I 000000 02 80 20 36 00 32 00 90 00 A1 30 04 60 00 00 00 A9 8D DB 07 D8 7F 0B 00 00 00 00 00 00 00 00 00 00 00 00 00 00 00 00 00 00 00 00 00 00 00 00 00 00 00 00 00 00 00 00 00 00 00 00
I 000000 02 80 20 36 00 32 00 90 00 A1 30 06 60 00 00 00 AC 8D DB 06 E8 7F 0B 00 00 00 00 00 00 00 00 00 00 00 00 00 00 00 00 00 00 00 00 00 00 00 00 00 00 00 00 00 00 00 00 00 00 00 00
I 000000 02 80 20 36 00 32 00 90 00 A1 30 08 60 00 00 00 E7 1C E6 07 E8 7F 0B 00 00 00 00 00 00 00 00 00 00 00 00 00 00 00 00 00 00 00 00 00 00 00 00 00 00 00 00 00 00 00 00 00 00 00 00
I 000000 02 80 20 36 00 32 00 90 00 A1 30 0A 60 00 00 00 18 F8 FF 07 C8 7F 0B 00 00 00 00 00 00 00 00 00 00 00 00 00 00 00 00 00 00 00 00 00 00 00 00 00 00 00 00 00 00 00 00 00 00 00 00
I 000000 02 80 20 36 00 32 00 90 00 A1 30 0C 60 00 00 00 E6 93 EE 09 E8 7F 0B 00 00 00 00 00 00 00 00 00 00 00 00 00 00 00 00 00 00 00 00 00 00 00 00 00 00 00 00 00 00 00 00 00 00 00 00
I 000000 02 80 20 36 00 32 00 90 00 A1 30 0E 60 00 00 00 35 92 D9 08 F8 7F 0B 00 00 00 00 00 00 00 00 00 00 00 00 00 00 00 00 00 00 00 00 00 00 00 00 00 00 00 00 00 00 00 00 00 00 00 00
I 000000 02 80 20 36 00 32 00 90 00 A1 30 10 60 00 00 00 82 31 CC 09 E8 7F 0B 00 00 00 00 00 00 00 00 00 00 00 00 00 00 00 00 00 00 00 00 00 00 00 00 00 00 00 00 00 00 00 00 00 00 00 00
I 000000 02 80 20 36 00 32 00 90 00 A1 30 12 60 00 00 00 74 10 AE 09 E8 7F 0B 00 00 00 00 00 00 00 00 00 00 00 00 00 00 00 00 00 00 00 00 00 00 00 00 00 00 00 00 00 00 00 00 00 00 00 00
I 000000 02 80 20 36 00 32 00 90 00 A1 30 14 60 00 00 00 EA B2 52 0A E8 7F 0B 00 00 00 00 00 00 00 00 00 00 00 00 00 00 00 00 00 00 00 00 00 00 00 00 00 00 00 00 00 00 00 00 00 00 00 00
I 000000 02 80 20 36 00 32 00 90 00 A1 30 16 60 00 00 00 73 B5 0C 0B D8 7F 0B 00 00 00 00 00 00 00 00 00 00 00 00 00 00 00 00 00 00 00 00 00 00 00 00 00 00 00 00 00 00 00 00 00 00 00 00
I 000000 02 80 20 36 00 32 00 90 00 A1 30 18 60 00 00 00 53 2A 04 0A E8 7F 0B 00 00 00 00 00 00 00 00 00 00 00 00 00 00 00 00 00 00 00 00 00 00 00 00 00 00 00 00 00 00 00 00 00 00 00 00
I 000000 02 80 20 36 00 32 00 90 00 A1 30 1A 60 00 00 00 A1 FC 16 0B E8 7F 0B 00 00 00 00 00 00 00 00 00 00 00 00 00 00 00 00 00 00 00 00 00 00 00 00 00 00 00 00 00 00 00 00 00 00 00 00
I 000000 02 80 20 36 00 32 00 90 00 A1 30 1C 60 00 00 00 B1 CD 24 09 D8 7F 0B 00 00 00 00 00 00 00 00 00 00 00 00 00 00 00 00 00 00 00 00 00 00 00 00 00 00 00 00 00 00 00 00 00 00 00 00
I 000000 02 80 20 36 00 32 00 90 00 A1 30 1E 60 00 00 00 F0 AF 74 0A E8 7F 0B 00 00 00 00 00 00 00 00 00 00 00 00 00 00 00 00 00 00 00 00 00 00 00 00 00 00 00 00 00 00 00 00 00 00 00 00
I 000000 02 80 20 36 00 32 00 90 00 A1 30 20 60 00 00 00 28 7E D2 0B D8 7F 0B 00 00 00 00 00 00 00 00 00 00 00 00 00 00 00 00 00 00 00 00 00 00 00 00 00 00 00 00 00 00 00 00 00 00 00 00
I 000000 02 80 20 36 00 32 00 90 00 A1 30 22 60 00 00 00 A9 5D DB 0A E8 7F 0B 00 00 00 00 00 00 00 00 00 00 00 00 00 00 00 00 00 00 00 00 00 00 00 00 00 00 00 00 00 00 00 00 00 00 00 00
I 000000 02 80 20 36 00 32 00 90 00 A1 30 24 60 00 00 00 36 6C EE 0A E8 7F 0B 00 00 00 00 00 00 00 00 00 00 00 00 00 00 00 00 00 00 00 00 00 00 00 00 00 00 00 00 00 00 00 00 00 00 00 00
I 000000 02 80 20 36 00 32 00 90 00 A1 30 26 60 00 00 00 09 69 FF 09 E8 7F 0B 00 00 00 00 00 00 00 00 00 00 00 00 00 00 00 00 00 00 00 00 00 00 00 00 00 00 00 00 00 00 00 00 00 00 00 00
I 000000 02 80 20 36 00 32 00 90 00 A1 30 28 60 00 00 00 57 14 F2 0B E8 7F 0B 00 00 00 00 00 00 00 00 00 00 00 00 00 00 00 00 00 00 00 00 00 00 00 00 00 00 00 00 00 00 00 00 00 00 00 00
I 000000 02 80 20 36 00 32 00 90 00 A1 30 2A 60 00 00 00 1F A2 D7 0A E8 7F 0B 00 00 00 00 00 00 00 00 00 00 00 00 00 00 00 00 00 00 00 00 00 00 00 00 00 00 00 00 00 00 00 00 00 00 00 00
I 000000 02 80 20 36 00 32 00 90 00 A1 30 2C 60 00 00 00 E2 C0 BC 0C E8 7F 0B 00 00 00 00 00 00 00 00 00 00 00 00 00 00 00 00 00 00 00 00 00 00 00 00 00 00 00 00 00 00 00 00 00 00 00 00
I 000000 02 80 20 36 00 32 00 90 00 A1 30 2E 60 00 00 00 5E 93 61 0A F8 7F 0B 00 00 00 00 00 00 00 00 00 00 00 00 00 00 00 00 00 00 00 00 00 00 00 00 00 00 00 00 00 00 00 00 00 00 00 00
# bt_host_task dev: 0 report stalled
# bt_hci_cmd_exit_sniff_mode
O 000000 01 04 08 02 80 00
I 000000 04 0F 04 0C 05 04 08
# BT_HCI_EVT_CMD_STATUS
# opcode: 0x0804 error: 0x0C
I 000000 02 80 20 36 00 32 00 90 00 A1 30 30 60 00 00 00 26 87 00 0B E8 7F 0B 00 00 00 00 00 00 00 00 00 00 00 00 00 00 00 00 00 00 00 00 00 00 00 00 00 00 00 00 00 00 00 00 00 00 00 00
I 000000 02 80 20 36 00 32 00 90 00 A1 30 32 60 00 00 00 27 18 00 0B F8 7F 0B 00 00 00 00 00 00 00 00 00 00 00 00 00 00 00 00 00 00 00 00 00 00 00 00 00 00 00 00 00 00 00 00 00 00 00 00
I 000000 02 80 20 36 00 32 00 90 00 A1 30 34 60 00 00 00 F6 89 02 0B E8 7F 0B 00 00 00 00 00 00 00 00 00 00 00 00 00 00 00 00 00 00 00 00 00 00 00 00 00 00 00 00 00 00 00 00 00 00 00 00
I 000000 02 80 20 36 00 32 00 90 00 A1 30 36 60 00 00 00 9C 1C 16 0D D8 7F 0B 00 00 00 00 00 00 00 00 00 00 00 00 00 00 00 00 00 00 00 00 00 00 00 00 00 00 00 00 00 00 00 00 00 00 00 00
I 000000 02 80 20 36 00 32 00 90 00 A1 30 38 60 00 00 00 B3 6D 24 0A E8 7F 0B 00 00 00 00 00 00 00 00 00 00 00 00 00 00 00 00 00 00 00 00 00 00 00 00 00 00 00 00 00 00 00 00 00 00 00 00
I 000000 02 80 20 36 00 32 00 90 00 A1 30 3A 60 00 00 00 48 3F 49 0A E8 7F 0B 00 00 00 00 00 00 00 00 00 00 00 00 00 00 00 00 00 00 00 00 00 00 00 00 00 00 00 00 00 00 00 00 00 00 00 00
I 000000 02 80 20 36 00 32 00 90 00 A1 30 3C 60 00 00 00 49 DF B7 0A E8 7F 0B 00 00 00 00 00 00 00 00 00 00 00 00 00 00 00 00 00 00 00 00 00 00 00 00 00 00 00 00 00 00 00 00 00 00 00 00
I 000000 02 80 20 36 00 32 00 90 00 A1 30 3E 60 00 00 00 08 EE D5 0B D8 7F 0B 00 00 00 00 00 00 00 00 00 00 00 00 00 00 00 00 00 00 00 00 00 00 00 00 00 00 00 00 00 00 00 00 00 00 00 00
I 000000 02 80 20 36 00 32 00 90 00 A1 30 40 60 00 00 00 2A 5D E3 09 F8 7F 0B 00 00 00 00 00 00 00 00 00 00 00 00 00 00 00 00 00 00 00 00 00 00 00 00 00 00 00 00 00 00 00 00 00 00 00 00
I 000000 02 80 20 36 00 32 00 90 00 A1 30 42 60 00 00 00 E1 5A F8 0B E8 7F 0B 00 00 00 00 00 00 00 00 00 00 00 00 00 00 00 00 00 00 00 00 00 00 00 00 00 00 00 00 00 00 00 00 00 00 00 00
I 000000 02 80 20 36 00 32 00 90 00 A1 30 44 60 00 00 00 1F 97 FF 0A F8 7F 0B 00 00 00 00 00 00 00 00 00 00 00 00 00 00 00 00 00 00 00 00 00 00 00 00 00 00 00 00 00 00 00 00 00 00 00 00
I 000000 02 80 20 36 00 32 00 90 00 A1 30 46 60 00 00 00 5F 35 F9 09 E8 7F 0B 00 00 00 00 00 00 00 00 00 00 00 00 00 00 00 00 00 00 00 00 00 00 00 00 00 00 00 00 00 00 00 00 00 00 00 00
I 000000 02 80 20 36 00 32 00 90 00 A1 30 48 60 00 00 00 23 D3 E7 0A F8 7F 0B 00 00 00 00 00 00 00 00 00 00 00 00 00 00 00 00 00 00 00 00 00 00 00 00 00 00 00 00 00 00 00 00 00 00 00 00
I 000000 02 80 20 36 00 32 00 90 00 A1 30 4A 60 00 00 00 0E 72 D6 0B E8 7F 0B 00 00 00 00 00 00 00 00 00 00 00 00 00 00 00 00 00 00 00 00 00 00 00 00 00 00 00 00 00 00 00 00 00 00 00 00
I 000000 02 80 20 36 00 32 00 90 00 A1 30 4C 60 00 00 00 FC 37 80 0A E8 7F 0B 00 00 00 00 00 00 00 00 00 00 00 00 00 00 00 00 00 00 00 00 00 00 00 00 00 00 00 00 00 00 00 00 00 00 00 00
I 000000 02 80 20 36 00 32 00 90 00 A1 30 4E 60 00 00 00 08 98 7F 0B E8 7F 0B 00 00 00 00 00 00 00 00 00 00 00 00 00 00 00 00 00 00 00 00 00 00 00 00 00 00 00 00 00 00 00 00 00 00 00 00
I 000000 02 80 20 36 00 32 00 90 00 A1 30 50 60 00 00 00 07 98 7F 0B E8 7F 0B 00 00 00 00 00 00 00 00 00 00 00 00 00 00 00 00 00 00 00 00 00 00 00 00 00 00 00 00 00 00 00 00 00 00 00 00
I 000000 02 80 20 36 00 32 00 90 00 A1 30 52 60 00 00 00 07 88 7F 0A E8 7F 0B 00 00 00 00 00 00 00 00 00 00 00 00 00 00 00 00 00 00 00 00 00 00 00 00 00 00 00 00 00 00 00 00 00 00 00 00
I 000000 02 80 20 36 00 32 00 90 00 A1 30 54 60 00 00 00 08 98 7F 0B F8 7F 0B 00 00 00 00 00 00 00 00 00 00 00 00 00 00 00 00 00 00 00 00 00 00 00 00 00 00 00 00 00 00 00 00 00 00 00 00
I 000000 02 80 20 36 00 32 00 90 00 A1 30 56 60 00 00 00 09 98 7F 0B E8 7F 0B 00 00 00 00 00 00 00 00 00 00 00 00 00 00 00 00 00 00 00 00 00 00 00 00 00 00 00 00 00 00 00 00 00 00 00 00
I 000000 02 80 20 36 00 32 00 90 00 A1 30 58 60 00 00 00 08 98 7F 0B E8 7F 0B 00 00 00 00 00 00 00 00 00 00 00 00 00 00 00 00 00 00 00 00 00 00 00 00 00 00 00 00 00 00 00 00 00 00 00 00
I 000000 02 80 20 36 00 32 00 90 00 A1 30 5A 60 00 00 00 07 98 7F 0A E8 7F 0B 00 00 00 00 00 00 00 00 00 00 00 00 00 00 00 00 00 00 00 00 00 00 00 00 00 00 00 00 00 00 00 00 00 00 00 00
I 000000 02 80 20 36 00 32 00 90 00 A1 30 5C 60 00 00 00 07 98 7F 0B E8 7F 0B 00 00 00 00 00 00 00 00 00 00 00 00 00 00 00 00 00 00 00 00 00 00 00 00 00 00 00 00 00 00 00 00 00 00 00 00
I 000000 02 80 20 36 00 32 00 90 00 A1 30 5E 60 00 00 00 08 98 7F 0B E8 7F 0B 00 00 00 00 00 00 00 00 00 00 00 00 00 00 00 00 00 00 00 00 00 00 00 00 00 00 00 00 00 00 00 00 00 00 00 00
I 000000 02 80 20 36 00 32 00 90 00 A1 30 60 60 00 00 00 07 98 7F 0B F8 7F 0B 00 00 00 00 00 00 00 00 00 00 00 00 00 00 00 00 00 00 00 00 00 00 00 00 00 00 00 00 00 00 00 00 00 00 00 00
I 000000 02 80 20 36 00 32 00 90 00 A1 30 62 60 00 00 00 07 98 7F 08 98 7F 0B 00 00 00 00 00 00 00 00 00 00 00 00 00 00 00 00 00 00 00 00 00 00 00 00 00 00 00 00 00 00 00 00 00 00 00 00
I 000000 02 80 20 36 00 32 00 90 00 A1 30 64 60 00 00 00 06 A8 7F BE F3 78 0B 00 00 00 00 00 00 00 00 00 00 00 00 00 00 00 00 00 00 00 00 00 00 00 00 00 00 00 00 00 00 00 00 00 00 00 00
I 000000 02 80 20 36 00 32 00 90 00 A1 30 66 60 00 00 00 08 98 7F EC E0 77 0B 00 00 00 00 00 00 00 00 00 00 00 00 00 00 00 00 00 00 00 00 00 00 00 00 00 00 00 00 00 00 00 00 00 00 00 00
I 000000 02 80 20 36 00 32 00 90 00 A1 30 68 60 00 00 00 07 88 7F 19 E0 9B 0B 00 00 00 00 00 00 00 00 00 00 00 00 00 00 00 00 00 00 00 00 00 00 00 00 00 00 00 00 00 00 00 00 00 00 00 00
I 000000 02 80 20 36 00 32 00 90 00 A1 30 6A 60 00 00 00 08 98 7F 6C 60 AB 0B 00 00 00 00 00 00 00 00 00 00 00 00 00 00 00 00 00 00 00 00 00 00 00 00 00 00 00 00 00 00 00 00 00 00 00 00
I 000000 02 80 20 36 00 32 00 90 00 A1 30 6C 60 00 00 00 08 98 7F 6A 41 C9 0B 00 00 00 00 00 00 00 00 00 00 00 00 00 00 00 00 00 00 00 00 00 00 00 00 00 00 00 00 00 00 00 00 00 00 00 00
I 000000 02 80 20 36 00 32 00 90 00 A1 30 6E 60 00 00 00 06 88 7F 4F 12 DB 0B 00 00 00 00 00 00 00 00 00 00 00 00 00 00 00 00 00 00 00 00 00 00 00 00 00 00 00 00 00 00 00 00 00 00 00 00
I 000000 02 80 20 36 00 32 00 90 00 A1 30 70 60 00 00 00 09 78 7F 4B B2 DB 0B 00 00 00 00 00 00 00 00 00 00 00 00 00 00 00 00 00 00 00 00 00 00 00 00 00 00 00 00 00 00 00 00 00 00 00 00
I 000000 02 80 20 36 00 32 00 90 00 A1 30 72 60 00 00 00 07 98 7F 7C 44 F3 0B 00 00 00 00 00 00 00 00 00 00 00 00 00 00 00 00 00 00 00 00 00 00 00 00 00 00 00 00 00 00 00 00 00 00 00 00
I 000000 02 80 20 36 00 32 00 90 00 A1 30 74 60 00 00 00 07 88 7F 8F 1B F3 0B 00 00 00 00 00 00 00 00 00 00 00 00 00 00 00 00 00 00 00 00 00 00 00 00 00 00 00 00 00 00 00 00 00 00 00 00
I 000000 02 80 20 36 00 32 00 90 00 A1 30 76 60 00 00 00 08 98 7F A2 0D DB 0B 00 00 00 00 00 00 00 00 00 00 00 00 00 00 00 00 00 00 00 00 00 00 00 00 00 00 00 00 00 00 00 00 00 00 00 00
I 000000 02 80 20 36 00 32 00 90 00 A1 30 78 60 00 00 00 08 88 7F CF DD D9 0B 00 00 00 00 00 00 00 00 00 00 00 00 00 00 00 00 00 00 00 00 00 00 00 00 00 00 00 00 00 00 00 00 00 00 00 00
I 000000 02 80 20 36 00 32 00 90 00 A1 30 7A 60 00 00 00 07 A8 7F 98 EF AB 0B 00 00 00 00 00 00 00 00 00 00 00 00 00 00 00 00 00 00 00 00 00 00 00 00 00 00 00 00 00 00 00 00 00 00 00 00
I 000000 02 80 20 36 00 32 00 90 00 A1 30 7C 60 00 00 00 08 88 7F C3 FE 3A 0B 00 00 00 00 00 00 00 00 00 00 00 00 00 00 00 00 00 00 00 00 00 00 00 00 00 00 00 00 00 00 00 00 00 00 00 00
I 000000 02 80 20 36 00 32 00 90 00 A1 30 7E 60 00 00 00 07 88 7F F5 4C 1A 0B 00 00 00 00 00 00 00 00 00 00 00 00 00 00 00 00 00 00 00 00 00 00 00 00 00 00 00 00 00 00 00 00 00 00 00 00
I 000000 02 80 20 36 00 32 00 90 00 A1 30 80 60 00 00 00 07 88 7F 0F 89 00 0B 00 00 00 00 00 00 00 00 00 00 00 00 00 00 00 00 00 00 00 00 00 00 00 00 00 00 00 00 00 00 00 00 00 00 00 00
I 000000 02 80 20 36 00 32 00 90 00 A1 30 82 60 00 00 00 07 88 7F B4 93 12 0B 00 00 00 00 00 00 00 00 00 00 00 00 00 00 00 00 00 00 00 00 00 00 00 00 00 00 00 00 00 00 00 00 00 00 00 00
I 000000 02 80 20 36 00 32 00 90 00 A1 30 84 60 00 00 00 08 98 7F 53 F1 37 0B 00 00 00 00 00 00 00 00 00 00 00 00 00 00 00 00 00 00 00 00 00 00 00 00 00 00 00 00 00 00 00 00 00 00 00 00
I 000000 02 80 20 36 00 32 00 90 00 A1 30 86 60 00 00 00 07 78 7F 0D 70 7B 0B 00 00 00 00 00 00 00 00 00 00 00 00 00 00 00 00 00 00 00 00 00 00 00 00 00 00 00 00 00 00 00 00 00 00 00 00
I 000000 02 80 20 36 00 32 00 90 00 A1 30 88 60 00 00 00 07 98 7F 0A 60 95 0B 00 00 00 00 00 00 00 00 00 00 00 00 00 00 00 00 00 00 00 00 00 00 00 00 00 00 00 00 00 00 00 00 00 00 00 00
I 000000 02 80 20 36 00 32 00 90 00 A1 30 8A 60 00 00 00 07 98 7F EF 70 BC 0B 00 00 00 00 00 00 00 00 00 00 00 00 00 00 00 00 00 00 00 00 00 00 00 00 00 00 00 00 00 00 00 00 00 00 00 00
I 000000 02 80 20 36 00 32 00 90 00 A1 30 8C 60 00 00 00 07 98 7F 60 32 DC 0B 00 00 00 00 00 00 00 00 00 00 00 00 00 00 00 00 00 00 00 00 00 00 00 00 00 00 00 00 00 00 00 00 00 00 00 00
I 000000 02 80 20 36 00 32 00 90 00 A1 30 8E 60 00 00 00 06 98 7F 73 25 FA 0B 00 00 00 00 00 00 00 00 00 00 00 00 00 00 00 00 00 00 00 00 00 00 00 00 00 00 00 00 00 00 00 00 00 00 00 00
I 000000 02 80 20 36 00 32 00 90 00 A1 30 90 60 00 00 00 07 98 7F BD 4B F2 0B 00 00 00 00 00 00 00 00 00 00 00 00 00 00 00 00 00 00 00 00 00 00 00 00 00 00 00 00 00 00 00 00 00 00 00 00
I 000000 02 80 20 36 00 32 00 90 00 A1 30 92 60 00 00 00 08 88 7F AF CD DB 0B 00 00 00 00 00 00 00 00 00 00 00 00 00 00 00 00 00 00 00 00 00 00 00 00 00 00 00 00 00 00 00 00 00 00 00 00
I 000000 02 80 20 36 00 32 00 90 00 A1 30 94 60 00 00 00 07 98 7F 30 9F B8 0B 00 00 00 00 00 00 00 00 00 00 00 00 00 00 00 00 00 00 00 00 00 00 00 00 00 00 00 00 00 00 00 00 00 00 00 00
I 000000 02 80 20 36 00 32 00 90 00 A1 30 96 60 00 00 00 08 88 7F BD 8F 5B 0B 00 00 00 00 00 00 00 00 00 00 00 00 00 00 00 00 00 00 00 00 00 00 00 00 00 00 00 00 00 00 00 00 00 00 00 00
I 000000 02 80 20 36 00 32 00 90 00 A1 30 98 60 00 00 00 09 98 7F DA AD 27 0B 00 00 00 00 00 00 00 00 00 00 00 00 00 00 00 00 00 00 00 00 00 00 00 00 00 00 00 00 00 00 00 00 00 00 00 00
I 000000 02 80 20 36 00 32 00 90 00 A1 30 9A 60 00 00 00 07 88 7F 24 DD 1D 0B 00 00 00 00 00 00 00 00 00 00 00 00 00 00 00 00 00 00 00 00 00 00 00 00 00 00 00 00 00 00 00 00 00 00 00 00
I 000000 02 80 20 36 00 32 00 90 00 A1 30 9C 60 00 00 00 07 98 7F DF 79 02 0B 00 00 00 00 00 00 00 00 00 00 00 00 00 00 00 00 00 00 00 00 00 00 00 00 00 00 00 00 00 00 00 00 00 00 00 00
I 000000 02 80 20 36 00 32 00 90 00 A1 30 9E 60 00 00 00 08 98 7F 1E F5 07 0B 00 00 00 00 00 00 00 00 00 00 00 00 00 00 00 00 00 00 00 00 00 00 00 00 00 00 00 00 00 00 00 00 00 00 00 00
I 000000 02 80 20 36 00 32 00 90 00 A1 30 A0 60 00 00 00 07 88 7F D1 81 2C 0B 00 00 00 00 00 00 00 00 00 00 00 00 00 00 00 00 00 00 00 00 00 00 00 00 00 00 00 00 00 00 00 00 00 00 00 00
I 000000 02 80 20 36 00 32 00 90 00 A1 30 A2 60 00 00 00 07 98 7F 0D A0 88 0B 00 00 00 00 00 00 00 00 00 00 00 00 00 00 00 00 00 00 00 00 00 00 00 00 00 00 00 00 00 00 00 00 00 00 00 00
I 000000 02 80 20 36 00 32 00 90 00 A1 30 A4 60 00 00 00 07 88 7F D6 50 BB 0B 00 00 00 00 00 00 00 00 00 00 00 00 00 00 00 00 00 00 00 00 00 00 00 00 00 00 00 00 00 00 00 00 00 00 00 00
I 000000 02 80 20 36 00 32 00 90 00 A1 30 A6 60 00 00 00 07 98 7F 53 D2 DB 0B 00 00 00 00 00 00 00 00 00 00 00 00 00 00 00 00 00 00 00 00 00 00 00 00 00 00 00 00 00 00 00 00 00 00 00 00
I 000000 02 80 20 36 00 32 00 90 00 A1 30 A8 60 00 00 00 07 88 7F C6 F4 F6 0B 00 00 00 00 00 00 00 00 00 00 00 00 00 00 00 00 00 00 00 00 00 00 00 00 00 00 00 00 00 00 00 00 00 00 00 00
I 000000 02 80 20 36 00 32 00 90 00 A1 30 AA 60 00 00 00 08 98 7F 9A 0A FA 0B 00 00 00 00 00 00 00 00 00 00 00 00 00 00 00 00 00 00 00 00 00 00 00 00 00 00 00 00 00 00 00 00 00 00 00 00
I 000000 02 80 20 36 00 32 00 90 00 A1 30 AC 60 00 00 00 07 88 7F B4 2C E8 0B 00 00 00 00 00 00 00 00 00 00 00 00 00 00 00 00 00 00 00 00 00 00 00 00 00 00 00 00 00 00 00 00 00 00 00 00
I 000000 02 80 20 36 00 32 00 90 00 A1 30 AE 60 00 00 00 07 88 7F 33 DF B9 0B 00 00 00 00 00 00 00 00 00 00 00 00 00 00 00 00 00 00 00 00 00 00 00 00 00 00 00 00 00 00 00 00 00 00 00 00
I 000000 02 80 20 36 00 32 00 90 00 A1 30 B0 60 00 00 00 08 98 7F 9D BF 54 0B 00 00 00 00 00 00 00 00 00 00 00 00 00 00 00 00 00 00 00 00 00 00 00 00 00 00 00 00 00 00 00 00 00 00 00 00
I 000000 02 80 20 36 00 32 00 90 00 A1 30 B2 60 00 00 00 07 88 7F 9F FE 35 0B 00 00 00 00 00 00 00 00 00 00 00 00 00 00 00 00 00 00 00 00 00 00 00 00 00 00 00 00 00 00 00 00 00 00 00 00
I 000000 02 80 20 36 00 32 00 90 00 A1 30 B4 60 00 00 00 07 98 7F 5D 9D 1F 0B 00 00 00 00 00 00 00 00 00 00 00 00 00 00 00 00 00 00 00 00 00 00 00 00 00 00 00 00 00 00 00 00 00 00 00 00
I 000000 02 80 20 36 00 32 00 90 00 A1 30 B6 60 00 00 00 07 98 7F 44 6B 0A 0B 00 00 00 00 00 00 00 00 00 00 00 00 00 00 00 00 00 00 00 00 00 00 00 00 00 00 00 00 00 00 00 00 00 00 00 00
I 000000 02 80 20 36 00 32 00 90 00 A1 30 B8 60 00 00 00 07 98 7F CB E7 00 0B 00 00 00 00 00 00 00 00 00 00 00 00 00 00 00 00 00 00 00 00 00 00 00 00 00 00 00 00 00 00 00 00 00 00 00 00
I 000000 02 80 20 36 00 32 00 90 00 A1 30 BA 60 00 00 00 07 88 7F BE E3 12 0B 00 00 00 00 00 00 00 00 00 00 00 00 00 00 00 00 00 00 00 00 00 00 00 00 00 00 00 00 00 00 00 00 00 00 00 00
I 000000 02 80 20 36 00 32 00 90 00 A1 30 BC 60 00 00 00 06 88 7F 67 C1 36 0B 00 00 00 00 00 00 00 00 00 00 00 00 00 00 00 00 00 00 00 00 00 00 00 00 00 00 00 00 00 00 00 00 00 00 00 00
I 000000 02 80 20 36 00 32 00 90 00 A1 30 BE 60 00 00 00 07 88 7F 69 70 54 0B 00 00 00 00 00 00 00 00 00 00 00 00 00 00 00 00 00 00 00 00 00 00 00 00 00 00 00 00 00 00 00 00 00 00 00 00
I 000000 02 80 20 36 00 32 00 90 00 A1 30 C0 60 00 00 00 07 98 7F 4C 20 A6 0B 00 00 00 00 00 00 00 00 00 00 00 00 00 00 00 00 00 00 00 00 00 00 00 00 00 00 00 00 00 00 00 00 00 00 00 00
I 000000 02 80 20 36 00 32 00 90 00 A1 30 C2 60 00 00 00 07 98 7F 93 11 CE 0B 00 00 00 00 00 00 00 00 00 00 00 00 00 00 00 00 00 00 00 00 00 00 00 00 00 00 00 00 00 00 00 00 00 00 00 00
I 000000 02 80 20 36 00 32 00 90 00 A1 30 C4 60 00 00 00 07 88 7F 37 43 E7 0B 00 00 00 00 00 00 00 00 00 00 00 00 00 00 00 00 00 00 00 00 00 00 00 00 00 00 00 00 00 00 00 00 00 00 00 00
I 000000 02 80 20 36 00 32 00 90 00 A1 30 C6 60 00 00 00 07 98 7F A6 16 FF 0B 00 00 00 00 00 00 00 00 00 00 00 00 00 00 00 00 00 00 00 00 00 00 00 00 00 00 00 00 00 00 00 00 00 00 00 00
I 000000 02 80 20 36 00 32 00 90 00 A1 30 C8 60 00 00 00 07 88 7F 71 58 B0 0B 00 00 00 00 00 00 00 00 00 00 00 00 00 00 00 00 00 00 00 00 00 00 00 00 00 00 00 00 00 00 00 00 00 00 00 00
I 000000 02 80 20 36 00 32 00 90 00 A1 30 CA 60 00 00 00 07 98 7F 0C F8 7F 0B 00 00 00 00 00 00 00 00 00 00 00 00 00 00 00 00 00 00 00 00 00 00 00 00 00 00 00 00 00 00 00 00 00 00 00 00
I 000000 02 80 20 36 00 32 00 90 00 A1 30 CC 60 00 00 00 07 88 7F 0A 08 7F 0B 00 00 00 00 00 00 00 00 00 00 00 00 00 00 00 00 00 00 00 00 00 00 00 00 00 00 00 00 00 00 00 00 00 00 00 00
I 000000 02 80 20 36 00 32 00 90 00 A1 30 CE 60 00 00 00 07 98 7F 0B F8 7F 0B 00 00 00 00 00 00 00 00 00 00 00 00 00 00 00 00 00 00 00 00 00 00 00 00 00 00 00 00 00 00 00 00 00 00 00 00
I 000000 02 80 20 36 00 32 00 90 00 A1 30 D0 60 00 00 00 07 98 7F 0A 08 7F 0B 00 00 00 00 00 00 00 00 00 00 00 00 00 00 00 00 00 00 00 00 00 00 00 00 00 00 00 00 00 00 00 00 00 00 00 00
I 000000 02 80 20 36 00 32 00 90 00 A1 30 D2 60 00 00 00 07 98 7F 0A F8 7F 0B 00 00 00 00 00 00 00 00 00 00 00 00 00 00 00 00 00 00 00 00 00 00 00 00 00 00 00 00 00 00 00 00 00 00 00 00
I 000000 02 80 20 36 00 32 00 90 00 A1 30 D4 60 00 00 00 07 98 7F 09 F8 7F 0B 00 00 00 00 00 00 00 00 00 00 00 00 00 00 00 00 00 00 00 00 00 00 00 00 00 00 00 00 00 00 00 00 00 00 00 00
I 000000 02 80 20 36 00 32 00 90 00 A1 30 D6 60 00 00 00 07 88 7F 0A F8 7F 0B 00 00 00 00 00 00 00 00 00 00 00 00 00 00 00 00 00 00 00 00 00 00 00 00 00 00 00 00 00 00 00 00 00 00 00 00
I 000000 02 80 20 36 00 32 00 90 00 A1 30 D8 60 00 00 00 07 98 7F 0A F8 7F 0B 00 00 00 00 00 00 00 00 00 00 00 00 00 00 00 00 00 00 00 00 00 00 00 00 00 00 00 00 00 00 00 00 00 00 00 00
I 000000 02 80 20 36 00 32 00 90 00 A1 30 DA 60 00 00 00 07 88 7F 0A F8 7F 0B 00 00 00 00 00 00 00 00 00 00 00 00 00 00 00 00 00 00 00 00 00 00 00 00 00 00 00 00 00 00 00 00 00 00 00 00
I 000000 02 80 20 36 00 32 00 90 00 A1 30 DC 60 00 00 00 07 88 7F 0A F8 7F 0B 00 00 00 00 00 00 00 00 00 00 00 00 00 00 00 00 00 00 00 00 00 00 00 00 00 00 00 00 00 00 00 00 00 00 00 00
# bt_host_task dev: 0 report stalled
# bt_hci_cmd_exit_sniff_mode
O 000000 01 04 08 02 80 00
I 000000 04 0F 04 0C 05 04 08
# BT_HCI_EVT_CMD_STATUS
# opcode: 0x0804 error: 0x0C
I 000000 02 80 20 36 00 32 00 90 00 A1 30 DE 60 00 00 00 07 98 7F 09 F8 7F 0B 00 00 00 00 00 00 00 00 00 00 00 00 00 00 00 00 00 00 00 00 00 00 00 00 00 00 00 00 00 00 00 00 00 00 00 00
I 000000 02 80 20 36 00 32 00 90 00 A1 30 E0 60 00 00 00 07 98 7F 0A F8 7F 0B 00 00 00 00 00 00 00 00 00 00 00 00 00 00 00 00 00 00 00 00 00 00 00 00 00 00 00 00 00 00 00 00 00 00 00 00
I 000000 02 80 20 36 00 32 00 90 00 A1 30 E2 60 00 00 00 08 88 7F 0A F8 7F 0B 00 00 00 00 00 00 00 00 00 00 00 00 00 00 00 00 00 00 00 00 00 00 00 00 00 00 00 00 00 00 00 00 00 00 00 00
I 000000 02 80 20 36 00 32 00 90 00 A1 30 E4 60 00 00 00 07 98 7F 0A 08 7F 0B 00 00 00 00 00 00 00 00 00 00 00 00 00 00 00 00 00 00 00 00 00 00 00 00 00 00 00 00 00 00 00 00 00 00 00 00
I 000000 02 80 20 36 00 32 00 90 00 A1 30 E6 60 00 00 00 07 98 7F 0A 08 7F 0B 00 00 00 00 00 00 00 00 00 00 00 00 00 00 00 00 00 00 00 00 00 00 00 00 00 00 00 00 00 00 00 00 00 00 00 00
I 000000 02 80 20 36 00 32 00 90 00 A1 30 E8 60 00 00 00 06 98 7F 0A F8 7F 0B 00 00 00 00 00 00 00 00 00 00 00 00 00 00 00 00 00 00 00 00 00 00 00 00 00 00 00 00 00 00 00 00 00 00 00 00
I 000000 02 80 20 36 00 32 00 90 00 A1 30 EA 60 00 00 00 07 98 7F 09 F8 7F 0B 00 00 00 00 00 00 00 00 00 00 00 00 00 00 00 00 00 00 00 00 00 00 00 00 00 00 00 00 00 00 00 00 00 00 00 00
I 000000 02 80 20 36 00 32 00 90 00 A1 30 EC 60 00 00 00 07 88 7F 0A F8 7F 0B 00 00 00 00 00 00 00 00 00 00 00 00 00 00 00 00 00 00 00 00 00 00 00 00 00 00 00 00 00 00 00 00 00 00 00 00
I 000000 02 80 20 36 00 32 00 90 00 A1 30 EE 60 00 00 00 07 98 7F 0A 08 7F 0B 00 00 00 00 00 00 00 00 00 00 00 00 00 00 00 00 00 00 00 00 00 00 00 00 00 00 00 00 00 00 00 00 00 00 00 00
I 000000 02 80 20 36 00 32 00 90 00 A1 30 F0 60 00 00 00 08 88 7F 0A F8 7F 0B 00 00 00 00 00 00 00 00 00 00 00 00 00 00 00 00 00 00 00 00 00 00 00 00 00 00 00 00 00 00 00 00 00 00 00 00
I 000000 02 80 20 36 00 32 00 90 00 A1 30 F2 60 00 00 00 08 98 7F 0A F8 7F 0B 00 00 00 00 00 00 00 00 00 00 00 00 00 00 00 00 00 00 00 00 00 00 00 00 00 00 00 00 00 00 00 00 00 00 00 00
I 000000 02 80 20 36 00 32 00 90 00 A1 30 F4 60 00 00 00 08 98 7F 09 F8 7F 0B 00 00 00 00 00 00 00 00 00 00 00 00 00 00 00 00 00 00 00 00 00 00 00 00 00 00 00 00 00 00 00 00 00 00 00 00
I 000000 02 80 20 36 00 32 00 90 00 A1 30 F6 60 00 00 00 08 88 7F 0A F8 7F 0B 00 00 00 00 00 00 00 00 00 00 00 00 00 00 00 00 00 00 00 00 00 00 00 00 00 00 00 00 00 00 00 00 00 00 00 00
I 000000 02 80 20 36 00 32 00 90 00 A1 30 F8 60 00 00 00 07 98 7F 09 08 7F 0B 00 00 00 00 00 00 00 00 00 00 00 00 00 00 00 00 00 00 00 00 00 00 00 00 00 00 00 00 00 00 00 00 00 00 00 00
I 000000 02 80 20 36 00 32 00 90 00 A1 30 FA 60 00 00 00 07 88 7F 0A F8 7F 0B 00 00 00 00 00 00 00 00 00 00 00 00 00 00 00 00 00 00 00 00 00 00 00 00 00 00 00 00 00 00 00 00 00 00 00 00
I 000000 02 80 20 36 00 32 00 90 00 A1 30 FC 60 00 00 00 07 88 7F 09 F8 7F 0B 00 00 00 00 00 00 00 00 00 00 00 00 00 00 00 00 00 00 00 00 00 00 00 00 00 00 00 00 00 00 00 00 00 00 00 00
I 000000 02 80 20 36 00 32 00 90 00 A1 30 FE 60 00 00 00 08 98 7F 09 F8 7F 0B 00 00 00 00 00 00 00 00 00 00 00 00 00 00 00 00 00 00 00 00 00 00 00 00 00 00 00 00 00 00 00 00 00 00 00 00
I 000000 02 80 20 36 00 32 00 90 00 A1 30 00 60 00 00 00 08 88 7F 0A F8 7F 0B 00 00 00 00 00 00 00 00 00 00 00 00 00 00 00 00 00 00 00 00 00 00 00 00 00 00 00 00 00 00 00 00 00 00 00 00
I 000000 02 80 20 36 00 32 00 90 00 A1 30 02 60 00 00 00 08 88 7F 09 F8 7F 0B 00 00 00 00 00 00 00 00 00 00 00 00 00 00 00 00 00 00 00 00 00 00 00 00 00 00 00 00 00 00 00 00 00 00 00 00
I 000000 02 80 20 36 00 32 00 90 00 A1 30 04 60 00 00 00 07 88 7F 09 F8 7F 0B 00 00 00 00 00 00 00 00 00 00 00 00 00 00 00 00 00 00 00 00 00 00 00 00 00 00 00 00 00 00 00 00 00 00 00 00
I 000000 02 80 20 36 00 32 00 90 00 A1 30 06 60 00 00 00 07 98 7F 0A F8 7F 0B 00 00 00 00 00 00 00 00 00 00 00 00 00 00 00 00 00 00 00 00 00 00 00 00 00 00 00 00 00 00 00 00 00 00 00 00
I 000000 02 80 20 36 00 32 00 90 00 A1 30 08 60 00 00 00 07 48 7F 0B E8 7F 0B 00 00 00 00 00 00 00 00 00 00 00 00 00 00 00 00 00 00 00 00 00 00 00 00 00 00 00 00 00 00 00 00 00 00 00 00
I 000000 02 80 20 36 00 32 00 90 00 A1 30 0A 60 00 00 00 07 98 7F 0A 08 7F 0B 00 00 00 00 00 00 00 00 00 00 00 00 00 00 00 00 00 00 00 00 00 00 00 00 00 00 00 00 00 00 00 00 00 00 00 00
I 000000 02 80 20 36 00 32 00 90 00 A1 30 0C 60 00 00 00 07 88 7F 09 F8 7F 0B 00 00 00 00 00 00 00 00 00 00 00 00 00 00 00 00 00 00 00 00 00 00 00 00 00 00 00 00 00 00 00 00 00 00 00 00
I 000000 02 80 20 36 00 32 00 90 00 A1 30 0E 60 00 00 00 07 98 7F 0A F8 7F 0B 00 00 00 00 00 00 00 00 00 00 00 00 00 00 00 00 00 00 00 00 00 00 00 00 00 00 00 00 00 00 00 00 00 00 00 00
# bt_host_task dev: 0 report stalled
# bt_hci_cmd_exit_sniff_mode
O 000000 01 04 08 02 80 00
I 000000 04 0F 04 0C 05 04 08
# BT_HCI_EVT_CMD_STATUS
# opcode: 0x0804 error: 0x0C
I 000000 02 80 20 36 00 32 00 90 00 A1 30 10 60 00 00 00 07 98 7F 0A F8 7F 0B 00 00 00 00 00 00 00 00 00 00 00 00 00 00 00 00 00 00 00 00 00 00 00 00 00 00 00 00 00 00 00 00 00 00 00 00
I 000000 02 80 20 36 00 32 00 90 00 A1 30 12 60 00 00 00 08 98 7F 0A F8 7F 0B 00 00 00 00 00 00 00 00 00 00 00 00 00 00 00 00 00 00 00 00 00 00 00 00 00 00 00 00 00 00 00 00 00 00 00 00
I 000000 02 80 20 36 00 32 00 90 00 A1 30 14 60 00 00 00 07 98 7F 0A F8 7F 0B 00 00 00 00 00 00 00 00 00 00 00 00 00 00 00 00 00 00 00 00 00 00 00 00 00 00 00 00 00 00 00 00 00 00 00 00
I 000000 02 80 20 36 00 32 00 90 00 A1 30 16 60 00 00 00 06 98 7F 0A F8 7F 0B 00 00 00 00 00 00 00 00 00 00 00 00 00 00 00 00 00 00 00 00 00 00 00 00 00 00 00 00 00 00 00 00 00 00 00 00
I 000000 02 80 20 36 00 32 00 90 00 A1 30 18 60 00 00 00 08 98 7F 09 F8 7F 0B 00 00 00 00 00 00 00 00 00 00 00 00 00 00 00 00 00 00 00 00 00 00 00 00 00 00 00 00 00 00 00 00 00 00 00 00
I 000000 02 80 20 36 00 32 00 90 00 A1 30 1A 60 00 00 00 06 68 7F 0A E8 7F 0B 00 00 00 00 00 00 00 00 00 00 00 00 00 00 00 00 00 00 00 00 00 00 00 00 00 00 00 00 00 00 00 00 00 00 00 00
I 000000 02 80 20 36 00 32 00 90 00 A1 30 1C 60 00 00 00 07 88 7F 0A F8 7F 0B 00 00 00 00 00 00 00 00 00 00 00 00 00 00 00 00 00 00 00 00 00 00 00 00 00 00 00 00 00 00 00 00 00 00 00 00
I 000000 02 80 20 36 00 32 00 90 00 A1 30 1E 60 00 00 00 08 98 7F 0A 08 7F 0B 00 00 00 00 00 00 00 00 00 00 00 00 00 00 00 00 00 00 00 00 00 00 00 00 00 00 00 00 00 00 00 00 00 00 00 00
I 000000 02 80 20 36 00 32 00 90 00 A1 30 20 60 00 00 00 07 98 7F 0A 08 7F 0B 00 00 00 00 00 00 00 00 00 00 00 00 00 00 00 00 00 00 00 00 00 00 00 00 00 00 00 00 00 00 00 00 00 00 00 00
I 000000 02 80 20 36 00 32 00 90 00 A1 30 22 60 00 00 00 07 88 7F 0A F8 7F 0B 00 00 00 00 00 00 00 00 00 00 00 00 00 00 00 00 00 00 00 00 00 00 00 00 00 00 00 00 00 00 00 00 00 00 00 00
I 000000 02 80 20 36 00 32 00 90 00 A1 30 24 60 00 00 00 07 88 7F 0A F8 7F 0B 00 00 00 00 00 00 00 00 00 00 00 00 00 00 00 00 00 00 00 00 00 00 00 00 00 00 00 00 00 00 00 00 00 00 00 00
I 000000 02 80 20 36 00 32 00 90 00 A1 30 26 60 00 00 00 07 88 7F 08 F8 7F 0B 00 00 00 00 00 00 00 00 00 00 00 00 00 00 00 00 00 00 00 00 00 00 00 00 00 00 00 00 00 00 00 00 00 00 00 00
I 000000 02 80 20 36 00 32 00 90 00 A1 30 28 60 00 00 00 08 98 7F 0A F8 7F 0B 00 00 00 00 00 00 00 00 00 00 00 00 00 00 00 00 00 00 00 00 00 00 00 00 00 00 00 00 00 00 00 00 00 00 00 00
I 000000 02 80 20 36 00 32 00 90 00 A1 30 2A 60 00 00 00 08 88 7F 09 F8 7F 0B 00 00 00 00 00 00 00 00 00 00 00 00 00 00 00 00 00 00 00 00 00 00 00 00 00 00 00 00 00 00 00 00 00 00 00 00
I 000000 02 80 20 36 00 32 00 90 00 A1 30 2C 60 00 00 00 06 98 7F 0A E8 7F 0B 00 00 00 00 00 00 00 00 00 00 00 00 00 00 00 00 00 00 00 00 00 00 00 00 00 00 00 00 00 00 00 00 00 00 00 00
I 000000 02 80 20 36 00 32 00 90 00 A1 30 2E 60 00 00 00 07 88 7F 0A F8 7F 0B 00 00 00 00 00 00 00 00 00 00 00 00 00 00 00 00 00 00 00 00 00 00 00 00 00 00 00 00 00 00 00 00 00 00 00 00
I 000000 02 80 20 36 00 32 00 90 00 A1 30 30 60 00 00 00 08 98 7F 09 F8 7F 0B 00 00 00 00 00 00 00 00 00 00 00 00 00 00 00 00 00 00 00 00 00 00 00 00 00 00 00 00 00 00 00 00 00 00 00 00
I 000000 02 80 20 36 00 32 00 90 00 A1 30 32 60 00 00 00 07 88 7F 0A F8 7F 0B 00 00 00 00 00 00 00 00 00 00 00 00 00 00 00 00 00 00 00 00 00 00 00 00 00 00 00 00 00 00 00 00 00 00 00 00
I 000000 02 80 20 36 00 32 00 90 00 A1 30 34 60 00 00 00 08 98 7F 09 F8 7F 0B 00 00 00 00 00 00 00 00 00 00 00 00 00 00 00 00 00 00 00 00 00 00 00 00 00 00 00 00 00 00 00 00 00 00 00 00
I 000000 02 80 20 36 00 32 00 90 00 A1 30 36 60 00 00 00 07 88 7F 0A 08 7F 0B 00 00 00 00 00 00 00 00 00 00 00 00 00 00 00 00 00 00 00 00 00 00 00 00 00 00 00 00 00 00 00 00 00 00 00 00
I 000000 02 80 20 36 00 32 00 90 00 A1 30 38 60 00 00 00 07 98 7F 0B F8 7F 0B 00 00 00 00 00 00 00 00 00 00 00 00 00 00 00 00 00 00 00 00 00 00 00 00 00 00 00 00 00 00 00 00 00 00 00 00
I 000000 02 80 20 36 00 32 00 90 00 A1 30 3A 40 00 00 00 07 98 7F 0A F8 7F 0B 00 00 00 00 00 00 00 00 00 00 00 00 00 00 00 00 00 00 00 00 00 00 00 00 00 00 00 00 00 00 00 00 00 00 00 00
I 000000 02 80 20 36 00 32 00 90 00 A1 30 3C 40 00 00 00 07 88 7F 09 F8 7F 0B 00 00 00 00 00 00 00 00 00 00 00 00 00 00 00 00 00 00 00 00 00 00 00 00 00 00 00 00 00 00 00 00 00 00 00 00
I 000000 02 80 20 36 00 32 00 90 00 A1 30 3E 40 00 00 00 07 98 7F 0A F8 7F 0B 00 00 00 00 00 00 00 00 00 00 00 00 00 00 00 00 00 00 00 00 00 00 00 00 00 00 00 00 00 00 00 00 00 00 00 00
I 000000 02 80 20 36 00 32 00 90 00 A1 30 40 40 00 00 00 07 98 7F 0A F8 7F 0B 00 00 00 00 00 00 00 00 00 00 00 00 00 00 00 00 00 00 00 00 00 00 00 00 00 00 00 00 00 00 00 00 00 00 00 00
I 000000 02 80 20 36 00 32 00 90 00 A1 30 42 40 00 00 00 08 88 7F 0B F8 7F 0B 00 00 00 00 00 00 00 00 00 00 00 00 00 00 00 00 00 00 00 00 00 00 00 00 00 00 00 00 00 00 00 00 00 00 00 00
I 000000 02 80 20 36 00 32 00 90 00 A1 30 44 40 00 00 00 07 98 7F 0A F8 7F 0B 00 00 00 00 00 00 00 00 00 00 00 00 00 00 00 00 00 00 00 00 00 00 00 00 00 00 00 00 00 00 00 00 00 00 00 00
I 000000 02 80 20 36 00 32 00 90 00 A1 30 46 40 00 00 00 07 98 7F 09 F8 7F 0B 00 00 00 00 00 00 00 00 00 00 00 00 00 00 00 00 00 00 00 00 00 00 00 00 00 00 00 00 00 00 00 00 00 00 00 00
I 000000 02 80 20 36 00 32 00 90 00 A1 30 48 40 00 00 00 07 98 7F 0A F8 7F 0B 00 00 00 00 00 00 00 00 00 00 00 00 00 00 00 00 00 00 00 00 00 00 00 00 00 00 00 00 00 00 00 00 00 00 00 00
I 000000 02 80 20 36 00 32 00 90 00 A1 30 4A 40 00 00 00 08 98 7F 0A F8 7F 0B 00 00 00 00 00 00 00 00 00 00 00 00 00 00 00 00 00 00 00 00 00 00 00 00 00 00 00 00 00 00 00 00 00 00 00 00
I 000000 02 80 20 36 00 32 00 90 00 A1 30 4C 40 00 00 00 08 98 7F 0A 08 7F 0B 00 00 00 00 00 00 00 00 00 00 00 00 00 00 00 00 00 00 00 00 00 00 00 00 00 00 00 00 00 00 00 00 00 00 00 00
I 000000 02 80 20 36 00 32 00 90 00 A1 30 4E 40 00 00 00 07 98 7F 0A F8 7F 0B 00 00 00 00 00 00 00 00 00 00 00 00 00 00 00 00 00 00 00 00 00 00 00 00 00 00 00 00 00 00 00 00 00 00 00 00
I 000000 02 80 20 36 00 32 00 90 00 A1 30 50 40 00 00 00 07 98 7F 0A 08 7F 0B 00 00 00 00 00 00 00 00 00 00 00 00 00 00 00 00 00 00 00 00 00 00 00 00 00 00 00 00 00 00 00 00 00 00 00 00
I 000000 02 80 20 36 00 32 00 90 00 A1 30 52 40 00 00 00 06 98 7F 09 F8 7F 0B 00 00 00 00 00 00 00 00 00 00 00 00 00 00 00 00 00 00 00 00 00 00 00 00 00 00 00 00 00 00 00 00 00 00 00 00
I 000000 02 80 20 36 00 32 00 90 00 A1 30 54 40 00 00 00 07 98 7F 09 F8 7F 0B 00 00 00 00 00 00 00 00 00 00 00 00 00 00 00 00 00 00 00 00 00 00 00 00 00 00 00 00 00 00 00 00 00 00 00 00
I 000000 02 80 20 36 00 32 00 90 00 A1 30 56 40 00 00 00 08 98 7F 0A F8 7F 0B 00 00 00 00 00 00 00 00 00 00 00 00 00 00 00 00 00 00 00 00 00 00 00 00 00 00 00 00 00 00 00 00 00 00 00 00
I 000000 02 80 20 36 00 32 00 90 00 A1 30 58 40 00 00 00 07 88 7F 0A F8 7F 0B 00 00 00 00 00 00 00 00 00 00 00 00 00 00 00 00 00 00 00 00 00 00 00 00 00 00 00 00 00 00 00 00 00 00 00 00
I 000000 02 80 20 36 00 32 00 90 00 A1 30 5A 40 00 00 00 07 98 7F 0A 08 7F 0B 00 00 00 00 00 00 00 00 00 00 00 00 00 00 00 00 00 00 00 00 00 00 00 00 00 00 00 00 00 00 00 00 00 00 00 00
I 000000 02 80 20 36 00 32 00 90 00 A1 30 5C 40 00 00 00 08 88 7F 09 08 7F 0B 00 00 00 00 00 00 00 00 00 00 00 00 00 00 00 00 00 00 00 00 00 00 00 00 00 00 00 00 00 00 00 00 00 00 00 00
I 000000 02 80 20 36 00 32 00 90 00 A1 30 5E 40 00 00 00 06 98 7F 0A 08 7F 0B 00 00 00 00 00 00 00 00 00 00 00 00 00 00 00 00 00 00 00 00 00 00 00 00 00 00 00 00 00 00 00 00 00 00 00 00
I 000000 02 80 20 36 00 32 00 90 00 A1 30 60 40 00 00 00 08 88 7F 0A F8 7F 0B 00 00 00 00 00 00 00 00 00 00 00 00 00 00 00 00 00 00 00 00 00 00 00 00 00 00 00 00 00 00 00 00 00 00 00 00
I 000000 02 80 20 36 00 32 00 90 00 A1 30 62 40 00 00 00 06 98 7F 09 F8 7F 0B 00 00 00 00 00 00 00 00 00 00 00 00 00 00 00 00 00 00 00 00 00 00 00 00 00 00 00 00 00 00 00 00 00 00 00 00
I 000000 02 80 20 36 00 32 00 90 00 A1 30 64 40 00 00 00 07 88 7F 0A F8 7F 0B 00 00 00 00 00 00 00 00 00 00 00 00 00 00 00 00 00 00 00 00 00 00 00 00 00 00 00 00 00 00 00 00 00 00 00 00
I 000000 02 80 20 36 00 32 00 90 00 A1 30 66 40 00 00 00 07 88 7F 0A F8 7F 0B 00 00 00 00 00 00 00 00 00 00 00 00 00 00 00 00 00 00 00 00 00 00 00 00 00 00 00 00 00 00 00 00 00 00 00 00
I 000000 02 80 20 36 00 32 00 90 00 A1 30 68 40 00 00 00 08 88 7F 0A F8 7F 0B 00 00 00 00 00 00 00 00 00 00 00 00 00 00 00 00 00 00 00 00 00 00 00 00 00 00 00 00 00 00 00 00 00 00 00 00
I 000000 02 80 20 36 00 32 00 90 00 A1 30 6A 40 00 00 00 06 88 7F 09 F8 7F 0B 00 00 00 00 00 00 00 00 00 00 00 00 00 00 00 00 00 00 00 00 00 00 00 00 00 00 00 00 00 00 00 00 00 00 00 00
I 000000 02 80 20 36 00 32 00 90 00 A1 30 6C 40 00 00 00 07 98 7F 0A F8 7F 0B 00 00 00 00 00 00 00 00 00 00 00 00 00 00 00 00 00 00 00 00 00 00 00 00 00 00 00 00 00 00 00 00 00 00 00 00
I 000000 02 80 20 36 00 32 00 90 00 A1 30 6E 40 00 00 00 07 98 7F 0A F8 7F 0B 00 00 00 00 00 00 00 00 00 00 00 00 00 00 00 00 00 00 00 00 00 00 00 00 00 00 00 00 00 00 00 00 00 00 00 00
I 000000 02 80 20 36 00 32 00 90 00 A1 30 70 40 00 00 00 08 98 7F 0A F8 7F 0B 00 00 00 00 00 00 00 00 00 00 00 00 00 00 00 00 00 00 00 00 00 00 00 00 00 00 00 00 00 00 00 00 00 00 00 00
I 000000 02 80 20 36 00 32 00 90 00 A1 30 72 40 00 00 00 08 98 7F 0A F8 7F 0B 00 00 00 00 00 00 00 00 00 00 00 00 00 00 00 00 00 00 00 00 00 00 00 00 00 00 00 00 00 00 00 00 00 00 00 00
I 000000 02 80 20 36 00 32 00 90 00 A1 30 74 40 00 00 00 07 98 7F 0A F8 7F 0B 00 00 00 00 00 00 00 00 00 00 00 00 00 00 00 00 00 00 00 00 00 00 00 00 00 00 00 00 00 00 00 00 00 00 00 00
I 000000 02 80 20 36 00 32 00 90 00 A1 30 76 40 00 00 00 07 98 7F 0A F8 7F 0B 00 00 00 00 00 00 00 00 00 00 00 00 00 00 00 00 00 00 00 00 00 00 00 00 00 00 00 00 00 00 00 00 00 00 00 00
I 000000 02 80 20 36 00 32 00 90 00 A1 30 78 40 00 00 00 07 98 7F 0A F8 7F 0B 00 00 00 00 00 00 00 00 00 00 00 00 00 00 00 00 00 00 00 00 00 00 00 00 00 00 00 00 00 00 00 00 00 00 00 00
I 000000 02 80 20 36 00 32 00 90 00 A1 30 7A 40 00 00 00 08 98 7F 09 F8 7F 0B 00 00 00 00 00 00 00 00 00 00 00 00 00 00 00 00 00 00 00 00 00 00 00 00 00 00 00 00 00 00 00 00 00 00 00 00
I 000000 02 80 20 36 00 32 00 90 00 A1 30 7C 40 00 00 00 08 A8 7F 09 F8 7F 0B 00 00 00 00 00 00 00 00 00 00 00 00 00 00 00 00 00 00 00 00 00 00 00 00 00 00 00 00 00 00 00 00 00 00 00 00
I 000000 02 80 20 36 00 32 00 90 00 A1 30 7E 40 00 00 00 08 98 7F 0A F8 7F 0B 00 00 00 00 00 00 00 00 00 00 00 00 00 00 00 00 00 00 00 00 00 00 00 00 00 00 00 00 00 00 00 00 00 00 00 00
I 000000 02 80 20 36 00 32 00 90 00 A1 30 80 40 00 00 00 08 98 7F 0A F8 7F 0B 00 00 00 00 00 00 00 00 00 00 00 00 00 00 00 00 00 00 00 00 00 00 00 00 00 00 00 00 00 00 00 00 00 00 00 00
I 000000 02 80 20 36 00 32 00 90 00 A1 30 82 40 00 00 00 08 98 7F 0A F8 7F 0B 00 00 00 00 00 00 00 00 00 00 00 00 00 00 00 00 00 00 00 00 00 00 00 00 00 00 00 00 00 00 00 00 00 00 00 00
I 000000 02 80 20 36 00 32 00 90 00 A1 30 84 40 00 00 00 08 98 7F 0A 08 7F 0B 00 00 00 00 00 00 00 00 00 00 00 00 00 00 00 00 00 00 00 00 00 00 00 00 00 00 00 00 00 00 00 00 00 00 00 00
I 000000 02 80 20 36 00 32 00 90 00 A1 30 86 40 00 00 00 08 98 7F 0A F8 7F 0B 00 00 00 00 00 00 00 00 00 00 00 00 00 00 00 00 00 00 00 00 00 00 00 00 00 00 00 00 00 00 00 00 00 00 00 00
I 000000 02 80 20 36 00 32 00 90 00 A1 30 88 40 00 00 00 08 88 7F 09 F8 7F 0B 00 00 00 00 00 00 00 00 00 00 00 00 00 00 00 00 00 00 00 00 00 00 00 00 00 00 00 00 00 00 00 00 00 00 00 00
I 000000 02 80 20 36 00 32 00 90 00 A1 30 8A 40 00 00 00 06 88 7F 09 F8 7F 0B 00 00 00 00 00 00 00 00 00 00 00 00 00 00 00 00 00 00 00 00 00 00 00 00 00 00 00 00 00 00 00 00 00 00 00 00
I 000000 02 80 20 36 00 32 00 90 00 A1 30 8C 40 00 00 00 07 A8 7F 09 F8 7F 0B 00 00 00 00 00 00 00 00 00 00 00 00 00 00 00 00 00 00 00 00 00 00 00 00 00 00 00 00 00 00 00 00 00 00 00 00
I 000000 02 80 20 36 00 32 00 90 00 A1 30 8E 40 00 00 00 07 88 7F 0A F8 7F 0B 00 00 00 00 00 00 00 00 00 00 00 00 00 00 00 00 00 00 00 00 00 00 00 00 00 00 00 00 00 00 00 00 00 00 00 00
I 000000 02 80 20 36 00 32 00 90 00 A1 30 90 40 00 00 00 07 98 7F 09 08 7F 0B 00 00 00 00 00 00 00 00 00 00 00 00 00 00 00 00 00 00 00 00 00 00 00 00 00 00 00 00 00 00 00 00 00 00 00 00
I 000000 02 80 20 36 00 32 00 90 00 A1 30 92 40 00 00 00 07 98 7F 0A F8 7F 0B 00 00 00 00 00 00 00 00 00 00 00 00 00 00 00 00 00 00 00 00 00 00 00 00 00 00 00 00 00 00 00 00 00 00 00 00
I 000000 02 80 20 36 00 32 00 90 00 A1 30 94 40 00 00 00 07 88 7F 0A F8 7F 0B 00 00 00 00 00 00 00 00 00 00 00 00 00 00 00 00 00 00 00 00 00 00 00 00 00 00 00 00 00 00 00 00 00 00 00 00
I 000000 02 80 20 36 00 32 00 90 00 A1 30 96 40 00 00 00 07 88 7F 09 F8 7F 0B 00 00 00 00 00 00 00 00 00 00 00 00 00 00 00 00 00 00 00 00 00 00 00 00 00 00 00 00 00 00 00 00 00 00 00 00
I 000000 02 80 20 36 00 32 00 90 00 A1 30 98 40 00 00 00 07 98 7F 0A 08 7F 0B 00 00 00 00 00 00 00 00 00 00 00 00 00 00 00 00 00 00 00 00 00 00 00 00 00 00 00 00 00 00 00 00 00 00 00 00
I 000000 02 80 20 36 00 32 00 90 00 A1 30 9A 40 00 00 00 07 88 7F 0A F8 7F 0B 00 00 00 00 00 00 00 00 00 00 00 00 00 00 00 00 00 00 00 00 00 00 00 00 00 00 00 00 00 00 00 00 00 00 00 00
I 000000 02 80 20 36 00 32 00 90 00 A1 30 9C 40 00 00 00 07 98 7F 0A F8 7F 0B 00 00 00 00 00 00 00 00 00 00 00 00 00 00 00 00 00 00 00 00 00 00 00 00 00 00 00 00 00 00 00 00 00 00 00 00
I 000000 02 80 20 36 00 32 00 90 00 A1 30 9E 40 00 00 00 08 98 7F 09 08 7F 0B 00 00 00 00 00 00 00 00 00 00 00 00 00 00 00 00 00 00 00 00 00 00 00 00 00 00 00 00 00 00 00 00 00 00 00 00
I 000000 02 80 20 36 00 32 00 90 00 A1 30 A0 40 00 00 00 08 98 7F 09 08 7F 0B 00 00 00 00 00 00 00 00 00 00 00 00 00 00 00 00 00 00 00 00 00 00 00 00 00 00 00 00 00 00 00 00 00 00 00 00
I 000000 02 80 20 36 00 32 00 90 00 A1 30 A2 40 00 00 00 07 98 7F 0A F8 7F 0B 00 00 00 00 00 00 00 00 00 00 00 00 00 00 00 00 00 00 00 00 00 00 00 00 00 00 00 00 00 00 00 00 00 00 00 00
I 000000 02 80 20 36 00 32 00 90 00 A1 30 A4 40 00 00 00 07 88 7F 09 F8 7F 0B 00 00 00 00 00 00 00 00 00 00 00 00 00 00 00 00 00 00 00 00 00 00 00 00 00 00 00 00 00 00 00 00 00 00 00 00
I 000000 02 80 20 36 00 32 00 90 00 A1 30 A6 40 00 00 00 08 98 7F 0A 08 7F 0B 00 00 00 00 00 00 00 00 00 00 00 00 00 00 00 00 00 00 00 00 00 00 00 00 00 00 00 00 00 00 00 00 00 00 00 00
I 000000 02 80 20 36 00 32 00 90 00 A1 30 A8 40 00 00 00 08 88 7F 09 F8 7F 0B 00 00 00 00 00 00 00 00 00 00 00 00 00 00 00 00 00 00 00 00 00 00 00 00 00 00 00 00 00 00 00 00 00 00 00 00
# bt_host_disconnect_all BOOT SW pressed, DISCONN all devices!
# bt_hci_cmd_disconnect
O 000000 01 06 04 03 80 00 15
I 000000 04 0F 04 00 05 06 04
# BT_HCI_EVT_CMD_STATUS
# bt_host_task dev: 0 report stalled
# bt_hci_cmd_exit_sniff_mode
O 000000 01 04 08 02 80 00
I 000000 04 0F 04 0C 05 04 08
# BT_HCI_EVT_CMD_STATUS
# opcode: 0x0804 error: 0x0C
I 000000 04 05 04 00 80 00 16
# BT_HCI_EVT_DISCONN_COMPLETE
# DISCONN from dev: 0
# bt_hci_cmd_le_set_scan_enable
# bt_hci_cmd_le_set_scan_param_active
# bt_hci_cmd_le_set_scan_enable
# bt_hci_cmd_periodic_inquiry
# bt_hci_cmd_le_set_adv_enable
O 000000 01 0C 20 02 00 01
I 000000 04 0E 04 05 0C 20 00
# BT_HCI_EVT_CMD_COMPLETE
O 000000 01 0B 20 07 01 24 00 12 00 00 00
I 000000 04 0E 04 05 0B 20 00
# BT_HCI_EVT_CMD_COMPLETE
O 000000 01 0C 20 02 01 01
I 000000 04 0E 04 05 0C 20 00
# BT_HCI_EVT_CMD_COMPLETE
O 000000 01 03 04 09 0A 00 08 00 33 8B 9E 03 FF
I 000000 04 0E 04 05 03 04 00
# BT_HCI_EVT_CMD_COMPLETE
O 000000 01 0A 20 01 01
I 000000 04 0E 04 05 0A 20 00
# BT_HCI_EVT_CMD_COMPLETE
I 000000 04 3E 28 02 01 02 01 AD F4 4D 9C E6 70 1C 03 03 9F FE 17 16 9F FE 00 00 00 00 00 00 00 00 00 00 00 00 00 00 00 00 00 00 00 00 BA
# BT_HCI_EVT_LE_ADVERTISING_REPORT
I 000000 04 3E 16 02 01 04 01 AD F4 4D 9C E6 70 0A 09 FF E0 00 56 A8 CA 87 56 E9 B9
# BT_HCI_EVT_LE_ADVERTISING_REPORT
I 000000 04 3E 28 02 01 02 01 5C 83 79 58 E7 40 1C 03 03 9F FE 17 16 9F FE 00 00 00 00 00 00 00 00 00 00 00 00 00 00 00 00 00 00 00 00 BF
# BT_HCI_EVT_LE_ADVERTISING_REPORT
I 000000 04 3E 16 02 01 04 01 5C 83 79 58 E7 40 0A 09 FF E0 00 56 19 CA 90 F4 40 BF
# BT_HCI_EVT_LE_ADVERTISING_REPORT
I 000000 04 3E 2B 02 01 03 01 9C 99 31 72 79 7E 1F 1E FF 06 00 01 09 20 02 E6 C1 09 72 57 6B 69 75 D5 62 24 19 E3 03 9A EA E9 BB 6C 48 7B 35 30 A5
# BT_HCI_EVT_LE_ADVERTISING_REPORT
I 000000 04 3E 1B 02 01 00 00 DB A6 EA CD 69 C8 0F 02 01 1A 0B FF 4C 00 09 06 03 26 00 00 00 00 A1
# BT_HCI_EVT_LE_ADVERTISING_REPORT
I 000000 04 3E 2B 02 01 03 01 1B 66 B9 21 6B 3F 1F 1E FF 06 00 01 0F 20 02 21 FD AD F7 51 9D 72 C5 99 74 FF 1E BD E0 99 8B 00 02 16 8F 44 B3 CE D0
# BT_HCI_EVT_LE_ADVERTISING_REPORT
I 000000 04 3E 1D 02 01 00 00 36 12 57 EC B3 F0 11 02 01 1A 02 0A 04 0A FF 4C 00 10 05 01 10 F2 88 78 CE
# BT_HCI_EVT_LE_ADVERTISING_REPORT
I 000000 04 3E 0C 02 01 04 00 36 12 57 EC B3 F0 00 CE
# BT_HCI_EVT_LE_ADVERTISING_REPORT
I 000000 04 3E 28 02 01 02 01 35 EA 98 7A FD 73 1C 03 03 9F FE 17 16 9F FE 00 00 00 00 00 00 00 00 00 00 00 00 00 00 00 00 00 00 00 00 C4
# BT_HCI_EVT_LE_ADVERTISING_REPORT
I 000000 04 3E 16 02 01 04 01 35 EA 98 7A FD 73 0A 09 FF E0 00 56 CB CA 82 5B 44 C5
# BT_HCI_EVT_LE_ADVERTISING_REPORT
I 000000 04 3E 19 02 01 00 01 10 3C B4 EB A9 46 0D 02 01 02 03 03 50 FE 05 16 50 FE EA 1A B4
# BT_HCI_EVT_LE_ADVERTISING_REPORT
I 000000 04 3E 1D 02 01 00 00 20 A3 69 CD 69 C8 11 02 01 1A 02 0A 0C 0A FF 4C 00 10 05 09 14 23 39 7C A2
# BT_HCI_EVT_LE_ADVERTISING_REPORT
I 000000 04 3E 0C 02 01 04 00 20 A3 69 CD 69 C8 00 A1
# BT_HCI_EVT_LE_ADVERTISING_REPORT
I 000000 04 3E 1B 02 01 03 01 87 4D B4 2E D2 28 0F 02 01 1A 0B FF 4C 00 09 06 03 BD C0 A8 56 D5 CE
# BT_HCI_EVT_LE_ADVERTISING_REPORT
# bt_hci_cmd_exit_periodic_inquiry
O 000000 01 04 04 00
I 000000 04 0E 04 05 04 04 00
# BT_HCI_EVT_CMD_COMPLETE
# bt_hci_cmd_le_set_scan_enable
O 000000 01 0C 20 02 00 01
I 000000 04 0E 04 05 0C 20 00
# BT_HCI_EVT_CMD_COMPLETE
# bt_hci_cmd_le_set_scan_param_passive
O 000000 01 0B 20 07 00 00 04 12 00 00 01
I 000000 04 0E 04 05 0B 20 00
# BT_HCI_EVT_CMD_COMPLETE
# bt_hci_cmd_le_set_scan_enable
O 000000 01 0C 20 02 01 01
I 000000 04 0E 04 05 0C 20 00
# BT_HCI_EVT_CMD_COMPLETE
