# bt_hci_cmd_reset
O 0.444128 000000 01 03 0C 00
I 0.445928 000000 04 0E 04 05 03 0C 00
# BT_HCI_EVT_CMD_COMPLETE
# bt_hci_cmd_read_local_features
O 0.446667 000000 01 03 10 00
I 0.446937 000000 04 0E 0C 05 03 10 00 BF EE CD FE DB FF 7B 87
# BT_HCI_EVT_CMD_COMPLETE
# bt_hci_cmd_read_local_version_info
O 0.447732 000000 01 01 10 00
I 0.448014 000000 04 0E 0C 05 01 10 00 08 0E 03 08 60 00 0E 03
# BT_HCI_EVT_CMD_COMPLETE
# bt_hci_cmd_read_bd_addr
O 0.449300 000000 01 09 10 00
I 0.449587 000000 04 0E 0A 05 09 10 00 2E C3 E0 BD 9E 7C
# BT_HCI_EVT_CMD_COMPLETE
# local_bdaddr: 7C:9E:BD:E0:C3:2E
# bt_hci_cmd_read_buffer_size
O 0.451219 000000 01 05 10 00
I 0.451506 000000 04 0E 0B 05 05 10 00 FD 03 FF 09 00 04 00
# BT_HCI_EVT_CMD_COMPLETE
# bt_hci_cmd_read_class_of_device
O 0.452846 000000 01 23 0C 00
I 0.453133 000000 04 0E 07 05 23 0C 00 00 00 00
# BT_HCI_EVT_CMD_COMPLETE
# bt_hci_cmd_read_local_name
O 0.454288 000000 01 14 0C 00
I 0.454575 000000 04 0E FC 05 14 0C 00 00 00 00 00 00 00 00 00 00
000010 00 00 00 00 00 00 00 00 00 00 00 00 00 00 00 00
000020 00 00 00 00 00 00 00 00 00 00 00 00 00 00 00 00
000030 00 00 00 00 00 00 00 00 00 00 00 00 00 00 00 00
000040 00 00 00 00 00 00 00 00 00 00 00 00 00 00 00 00
000050 00 00 00 00 00 00 00 00 00 00 00 00 00 00 00 00
000060 00 00 00 00 00 00 00 00 00 00 00 00 00 00 00 00
000070 00 00 00 00 00 00 00 00 00 00 00 00 00 00 00 00
000080 00 00 00 00 00 00 00 00 00 00 00 00 00 00 00 00
000090 00 00 00 00 00 00 00 00 00 00 00 00 00 00 00 00
0000A0 00 00 00 00 00 00 00 00 00 00 00 00 00 00 00 00
0000B0 00 00 00 00 00 00 00 00 00 00 00 00 00 00 00 00
0000C0 00 00 00 00 00 00 00 00 00 00 00 00 00 00 00 00
0000D0 00 00 00 00 00 00 00 00 00 00 00 00 00 00 00 00
0000E0 00 00 00 00 00 00 00 00 00 00 00 00 00 00 00 00
0000F0 00 00 00 00 00 00 00 00 00 00 00 00 00 00 00
# BT_HCI_EVT_CMD_COMPLETE
# bt_hci_cmd_read_voice_setting
O 0.464876 000000 01 25 0C 00
I 0.465158 000000 04 0E 06 05 25 0C 00 00 00
# BT_HCI_EVT_CMD_COMPLETE
# bt_hci_cmd_read_num_supported_iac
O 0.466357 000000 01 38 0C 00
I 0.466649 000000 04 0E 05 05 38 0C 00 01
# BT_HCI_EVT_CMD_COMPLETE
# bt_hci_cmd_read_current_iac_lap
O 0.467789 000000 01 39 0C 00
I 0.468081 000000 04 0E 08 05 39 0C 00 01 33 8B 9E
# BT_HCI_EVT_CMD_COMPLETE
# bt_hci_cmd_set_event_filter
O 0.469290 000000 01 05 0C 01 00
I 0.469610 000000 04 0E 04 05 05 0C 00
# BT_HCI_EVT_CMD_COMPLETE
# bt_hci_cmd_write_conn_accept_timeout
O 0.470772 000000 01 16 0C 02 00 7D
I 0.471129 000000 04 0E 04 05 16 0C 00
# BT_HCI_EVT_CMD_COMPLETE
# bt_hci_cmd_read_supported_commands
O 0.472260 000000 01 02 10 00
I 0.472543 000000 04 0E 44 05 02 10 00 BF FF FF 03 CC FF EF FF 3F
000010 FF FC 1F F2 0F E8 FE 3F F7 8F FF 1C 00 04 00 61
000020 F7 FF FF 7F 38 C0 FF 7F FF FF 0F 00 00 00 00 00
000030 00 00 00 00 00 00 00 00 00 00 00 00 00 00 00 00
000040 00 00 00 00 00 00 00
# BT_HCI_EVT_CMD_COMPLETE
# bt_hci_cmd_write_ssp_mode
O 0.475984 000000 01 56 0C 01 01
I 0.476316 000000 04 0E 04 05 56 0C 00
# BT_HCI_EVT_CMD_COMPLETE
# bt_hci_cmd_write_inquiry_mode
O 0.477397 000000 01 45 0C 01 02
I 0.477724 000000 04 0E 04 05 45 0C 00
# BT_HCI_EVT_CMD_COMPLETE
# bt_hci_cmd_read_inquiry_rsp_tx_pwr_lvl
O 0.478900 000000 01 58 0C 00
I 0.479188 000000 04 0E 05 05 58 0C 00 F4
# BT_HCI_EVT_CMD_COMPLETE
# bt_hci_cmd_read_local_ext_features
O 0.480357 000000 01 04 10 01 01
I 0.480692 000000 04 0E 0E 05 04 10 00 01 02 01 00 00 00 00 00 00
000010 00
# BT_HCI_EVT_CMD_COMPLETE
# bt_hci_cmd_read_stored_link_key
O 0.482193 000000 01 0D 0C 07 00 00 00 00 00 00 01
I 0.482746 000000 04 0E 08 05 0D 0C 00 08 00 00 00
# BT_HCI_EVT_CMD_COMPLETE
# bt_hci_cmd_read_page_scan_activity
O 0.483982 000000 01 1B 0C 00
I 0.484264 000000 04 0E 08 05 1B 0C 00 00 08 12 00
# BT_HCI_EVT_CMD_COMPLETE
# bt_hci_cmd_read_page_scan_type
O 0.485496 000000 01 46 0C 00
I 0.485786 000000 04 0E 05 05 46 0C 00 00
# BT_HCI_EVT_CMD_COMPLETE
# bt_hci_cmd_write_le_host_supp
O 0.486906 000000 01 6D 0C 02 01 00
I 0.487282 000000 04 0E 04 05 6D 0C 00
# BT_HCI_EVT_CMD_COMPLETE
# bt_hci_cmd_delete_stored_link_key
O 0.488396 000000 01 12 0C 07 00 00 00 00 00 00 01
I 0.488945 000000 04 0E 06 05 12 0C 00 00 00
# BT_HCI_EVT_CMD_COMPLETE
# bt_hci_cmd_write_class_of_device
O 0.490094 000000 01 24 0C 03 0C 01 1C
I 0.490496 000000 04 0E 04 05 24 0C 00
# BT_HCI_EVT_CMD_COMPLETE
# bt_hci_cmd_write_local_name
O 0.491561 000000 01 13 0C F8 42 6C 75 65 52 65 74 72 6F 20 41 64
000010 61 70 74 65 72 00 00 00 00 00 00 00 00 00 00 00
000020 00 00 00 00 00 00 00 00 00 00 00 00 00 00 00 00
000030 00 00 00 00 00 00 00 00 00 00 00 00 00 00 00 00
000040 00 00 00 00 00 00 00 00 00 00 00 00 00 00 00 00
000050 00 00 00 00 00 00 00 00 00 00 00 00 00 00 00 00
000060 00 00 00 00 00 00 00 00 00 00 00 00 00 00 00 00
000070 00 00 00 00 00 00 00 00 00 00 00 00 00 00 00 00
000080 00 00 00 00 00 00 00 00 00 00 00 00 00 00 00 00
000090 00 00 00 00 00 00 00 00 00 00 00 00 00 00 00 00
0000A0 00 00 00 00 00 00 00 00 00 00 00 00 00 00 00 00
0000B0 00 00 00 00 00 00 00 00 00 00 00 00 00 00 00 00
0000C0 00 00 00 00 00 00 00 00 00 00 00 00 00 00 00 00
0000D0 00 00 00 00 00 00 00 00 00 00 00 00 00 00 00 00
0000E0 00 00 00 00 00 00 00 00 00 00 00 00 00 00 00 00
0000F0 00 00 00 00 00 00 00 00 00 00 00 00
I 0.501067 000000 04 0E 04 05 13 0C 00
# BT_HCI_EVT_CMD_COMPLETE
# bt_hci_cmd_set_event_filter
O 0.502113 000000 01 05 0C 08 01 01 00 05 00 00 1F 00
I 0.502674 000000 04 0E 04 05 05 0C 00
# BT_HCI_EVT_CMD_COMPLETE
# bt_hci_cmd_set_event_filter
O 0.503725 000000 01 05 0C 09 02 01 00 05 00 00 1F 00 01
I 0.504324 000000 04 0E 04 05 05 0C 00
# BT_HCI_EVT_CMD_COMPLETE
# bt_hci_cmd_write_auth_enable
O 0.505388 000000 01 20 0C 01 00
I 0.505719 000000 04 0E 04 05 20 0C 00
# BT_HCI_EVT_CMD_COMPLETE
# bt_hci_cmd_set_event_mask
O 0.506754 000000 01 01 0C 08 FF FF FB FF 07 F8 BF 3D
I 0.507309 000000 04 0E 04 05 01 0C 00
# BT_HCI_EVT_CMD_COMPLETE
# bt_hci_cmd_write_page_scan_activity
O 0.508457 000000 01 1C 0C 04 50 00 12 00
I 0.508885 000000 04 0E 04 05 1C 0C 00
# BT_HCI_EVT_CMD_COMPLETE
# bt_hci_cmd_write_inquiry_scan_activity
O 0.510061 000000 01 1E 0C 04 50 00 12 00
I 0.510490 000000 04 0E 04 05 1E 0C 00
# BT_HCI_EVT_CMD_COMPLETE
# bt_hci_cmd_write_page_scan_type
O 0.511586 000000 01 47 0C 01 01
I 0.511926 000000 04 0E 04 05 47 0C 00
# BT_HCI_EVT_CMD_COMPLETE
# bt_hci_cmd_write_page_scan_timeout
O 0.513050 000000 01 18 0C 02 00 20
I 0.513416 000000 04 0E 04 05 18 0C 00
# BT_HCI_EVT_CMD_COMPLETE
# bt_hci_cmd_write_hold_mode_act
O 0.514503 000000 01 2C 0C 01 00
I 0.514826 000000 04 0E 04 05 2C 0C 01
# BT_HCI_EVT_CMD_COMPLETE
# bt_hci_cmd_write_scan_enable
O 0.515905 000000 01 1A 0C 01 02
I 0.516364 000000 04 0E 04 05 1A 0C 00
# BT_HCI_EVT_CMD_COMPLETE
# bt_hci_cmd_write_default_link_policy
O 0.517404 000000 01 0F 08 02 0F 00
I 0.517752 000000 04 0E 04 05 0F 08 00
# BT_HCI_EVT_CMD_COMPLETE
# bt_hci_cmd_le_read_buffer_size
O 0.518845 000000 01 02 20 00
I 0.519123 000000 04 0E 07 05 02 20 00 FB 00 0A
# BT_HCI_EVT_CMD_COMPLETE
# bt_hci_cmd_le_set_adv_param
O 0.520306 000000 01 06 20 0F A0 00 A0 00 00 00 00 00 00 00 00 00
000010 00 07 00
I 0.521251 000000 04 0E 04 05 06 20 00
# BT_HCI_EVT_CMD_COMPLETE
# bt_hci_cmd_le_set_adv_data
O 0.522211 000000 01 08 20 20 12 02 01 06 03 02 0F 18 0A 09 42 6C
000010 75 65 52 65 74 72 6F 00 00 00 00 00 00 00 00 00
000020 00 00 00 00
I 0.523715 000000 04 0E 04 05 08 20 00
# BT_HCI_EVT_CMD_COMPLETE
# bt_hci_cmd_le_set_scan_rsp_data
O 0.524810 000000 01 09 20 20 12 11 07 56 9A 79 76 A1 2F 4B 31 B0
000010 FA 80 51 56 0F 83 00 00 00 00 00 00 00 00 00 00
000020 00 00 00 00
I 0.526295 000000 04 0E 04 05 09 20 00
# BT_HCI_EVT_CMD_COMPLETE
# bt_hci_cmd_le_set_adv_enable
O 0.527361 000000 01 0A 20 01 01
I 0.527995 000000 04 0E 04 05 0A 20 00
# BT_HCI_EVT_CMD_COMPLETE
# bt_hci_cmd_periodic_inquiry
O 0.528765 000000 01 03 04 09 0A 00 08 00 33 8B 9E 03 FF
I 0.529385 000000 04 0E 04 05 03 04 00
# BT_HCI_EVT_CMD_COMPLETE
App main at 40082D74
App init at 40082D84
APP_CPU RESET: 0
APP_CPU CLKGATE: 0
APP_CPU STALL: 0
APP_CACHE_CTRL: 00000020
APP CPU STACK PTR: 3FFDF534
# Hardcoded system : 17: PS2
GPIO[34]| InputEn: 1| OutputEn: 0| OpenDrain: 0| Pullup: 1| Pulldown: 0| Intr:1
GPIO[5]| InputEn: 1| OutputEn: 0| OpenDrain: 0| Pullup: 1| Pulldown: 0| Intr:1
I 4.393220 000000 04 01 01 00
# BT_HCI_EVT_INQUIRY_COMPLETE
I 5.880020 000000 04 04 0A 74 75 CA D8 17 E4 08 25 00 01
# BT_HCI_EVT_CONN_REQUEST
# bt_hci_cmd_accept_conn_req
# Page dev: 0 type: 0 bdaddr: E4:17:D8:CA:75:74
O 5.880786 000000 01 09 04 07 74 75 CA D8 17 E4 00
I 5.881320 000000 04 0F 04 00 05 09 04
# BT_HCI_EVT_CMD_STATUS
I 6.146615 000000 04 12 08 00 74 75 CA D8 17 E4 00
# BT_HCI_EVT_ROLE_CHANGE
I 6.169249 000000 04 03 0B 00 80 00 74 75 CA D8 17 E4 01 00
# BT_HCI_EVT_CONN_COMPLETE
# dev: 0 acl_handle: 0x0080
# bt_hci_cmd_le_set_adv_disable
# bt_hci_cmd_remote_name_request
O 6.170286 000000 01 0A 20 01 00
I 6.170905 000000 04 0E 04 05 0A 20 00
# BT_HCI_EVT_CMD_COMPLETE
O 6.171451 000000 01 19 04I 6.171738 000000 04 1B 03 80 00 05
 0A 74 75 CA D8 17 E4 01 00 00 00
I 6.172344 000000 04 0F 04 00 05 19 04
# BT_HCI_EVT_CMD_STATUS
I 6.183111 000000 04 07 FF 00 74 75 CA D8 17 E4 38 42 69 74 64 6F
000010 20 53 46 33 30 20 50 72 6F 00 00 00 00 00 00 00
000020 00 00 00 00 00 00 00 00 00 00 00 00 00 00 00 00
000030 00 00 00 00 00 00 00 00 00 00 00 00 00 00 00 00
000040 00 00 00 00 00 00 00 00 00 00 00 00 00 00 00 00
000050 00 00 00 00 00 00 00 00 00 00 00 00 00 00 00 00
000060 00 00 00 00 00 00 00 00 00 00 00 00 00 00 00 00
000070 00 00 00 00 00 00 00 00 00 00 00 00 00 00 00 00
000080 00 00 00 00 00 00 00 00 00 00 00 00 00 00 00 00
000090 00 00 00 00 00 00 00 00 00 00 00 00 00 00 00 00
0000A0 00 00 00 00 00 00 00 00 00 00 00 00 00 00 00 00
0000B0 00 00 00 00 00 00 00 00 00 00 00 00 00 00 00 00
0000C0 00 00 00 00 00 00 00 00 00 00 00 00 00 00 00 00
0000D0 00 00 00 00 00 00 00 00 00 00 00 00 00 00 00 00
0000E0 00 00 00 00 00 00 00 00 00 00 00 00 00 00 00 00
0000F0 00 00 00 00 00 00 00 00 00 00 00 00 00 00 00 00
000100 00 00
# BT_HCI_EVT_REMOTE_NAME_REQ_COMPLETE:
# bt_hci_cmd_read_remote_features
# dev: 0 type: 0 8Bitdo SF30 Pro
O 6.193104 000000 01 1B 04 02 80 00
I 6.193507 000000 04 0F 04 00 05 1B 04
# BT_HCI_EVT_CMD_STATUS
I 6.194120 000000 04 0B 0B 00 80 00 FF FF FF FE DB FF 7B 87
# BT_HCI_EVT_REMOTE_FEATURES
# bt_hci_cmd_read_remote_ext_features
# bt_l2cap_cmd_ext_feat_mask_req
O 6.195974 000000 01 1C 04 03 80 00 01
I 6.196343 000000 04 0F 04 00 05 1C 04
# BT_HCI_EVT_CMD_STATUS
O 6.197076 000000 02 80 20 0A 00 06 00 01 00 0A 00 02 00 02 00
I 6.210389 000000 04 13 05 01 80 00 01 00
I 6.213127 000000 04 23 0D 00 80 00 01 01 01 00 00 00 00 00 00 00
# BT_HCI_EVT_REMOTE_EXT_FEATURES
I 6.240626 000000 02 80 20 10 00 0C 00 01 00 0B 00 08 00 02 00 00
000010 00 80 02 00 00
# BT_L2CAP_INFO_RSP
# bt_l2cap_cmd_sdp_conn_req
O 6.241335 000000 02 80 20 0C 00 08 00 01 00 02 01 04 00 01 00 70
000010 00
I 6.244114 000000 04 13 05 01 80 00 01 00
I 6.279346 000000 02 80 20 10 00 0C 00 01 00 03 01 08 00 41 00 70
000010 00 00 00 00 00
# BT_L2CAP_CONN_RSP
O 6.279942 000000 02 80 20 0C 00 08 00 01 00 04 02 04 00 41 00 00
000010 00
I 6.291623 000000 04 13 05 01 80 00 01 00
I 6.293084 000000 02 80 20 10 00 0C 00 01 00 04 01 08 00 70 00 00
000010 00 01 02 FC 01
# BT_L2CAP_CONF_REQ
O 6.293707 000000 02 80 20 12 00 0E 00 01 00 05 01 0A 00 41 00 00
000010 00 00 00 01 02 FC 01
I 6.295357 000000 04 13 05 01 80 00 01 00
I 6.334294 000000 02 80 20 0C 00 08 00 01 00 02 02 04 00 11 00 40
000010 00
# BT_L2CAP_CONN_REQ
O 6.334839 000000 02 80 20 10 00 0C 00 01 00 03 02 08 00 80 00 40
000010 00 00 00 00 00
O 6.335448 000000 02 80 20 0C 00 08 00 01 00 04 03 04 00 40 00 00
000010 00
I 6.337861 000000 04 13 05 01 80 00 01 00
I 6.339306 000000 04 13 05 01 80 00 01 00
I 6.340553 000000 02 80 20 0E 00 0A 00 01 00 05 02 06 00 70 00 00
000010 00 00 00
# BT_L2CAP_CONF_RSP
O 6.341150 000000 02 80 20 18 00 14 00 41 00 06 00 00 00 0F 35 03
000010 19 01 00 04 00 35 05 0A 00 00 FF FF 00
I 6.341905 000000 04 17 06 74 75 CA D8 17 E4
# BT_HCI_EVT_LINK_KEY_REQ
# bt_hci_cmd_link_key_reply
O 6.343165 000000 01 0B 04 16 74 75 CA D8 17 E4 CA E4 69 3A E8 4B
000010 75 92 C3 78 EC 49 BC 45 2F 40
I 6.344113 000000 04 0E 0A 05 0B 04 00 74 75 CA D8 17 E4
# BT_HCI_EVT_CMD_COMPLETE
I 6.354098 000000 04 13 05 01 80 00 01 00
I 6.355597 000000 02 80 20 10 00 0C 00 01 00 04 03 08 00 80 00 00
000010 00 01 02 FC 01
# BT_L2CAP_CONF_REQ
I 6.356268 000000 04 FF 03 03 80 00
O 6.356592 000000 02 80 20 12 00 0E 00 01 00 05 03 0A 00 40 00 00
000010 00 00 00 01 02 FC 01
I 6.358086 000000 02 80 20 0E 00 0A 00 01 00 05 03 06 00 80 00 00
000010 00 00 00
# BT_L2CAP_CONF_RSP
I 6.370368 000000 04 13 05 01 80 00 01 00
I 6.399349 000000 02 80 20 6F 01 C3 01 70 00 07 00 00 01 BE 01 BB
000010 36 01 B8 36 01 4A 09 00 00 0A 00 02 00 00 09 00
000020 01 35 03 19 11 24 09 00 04 35 0D 35 06 19 01 00
000030 09 00 11 35 03 19 00 11 09 00 05 35 03 19 10 02
000040 09 00 06 35 09 09 65 6E 09 00 6A 09 01 00 09 00
000050 09 35 08 35 06 19 11 24 09 01 00 09 00 0D 35 0F
000060 35 0D 35 06 19 01 00 09 00 13 35 03 19 00 11 09
000070 01 00 25 20 42 6C 75 65 74 6F 6F 74 68 20 57 69
000080 72 65 6C 65 73 73 20 43 6F 6E 74 72 6F 6C 6C 65
000090 72 20 20 20 09 01 01 25 08 4A 6F 79 70 61 64 20
0000A0 20 09 01 02 25 10 73 7A 6D 79 2D 70 6F 77 65 72
0000B0 20 4C 74 64 2E 20 09 02 00 09 01 00 09 02 01 09
0000C0 01 11 09 02 02 08 80 09 02 03 08 21 09 02 04 28
0000D0 01 09 02 05 28 01 09 02 06 35 5C 35 5A 08 22 25
0000E0 56 05 01 09 05 A1 01 85 03 05 01 15 00 25 07 46
0000F0 3B 01 95 01 75 04 65 14 09 39 81 42 75 01 95 04
000100 81 01 15 00 26 FF 00 09 30 09 31 09 32 09 35 95
000110 04 75 08 81 02 65 00 75 08 95 02 81 01 05 09 19
000120 01 29 10 15 00 25 01 75 01 95 10 81 02 C0 09 02
000130 07 35 08 35 06 09 04 09 09 01 00 09 02 08 28 00
000140 09 02 09 28 01 09 02 0A 28 01 09 02 0B 09 01 00
000150 09 02 0C 09 0C 80 09 02 0D 28 00 09 02 0E 28 01
000160 36 00 68 09 00 00 0A 00 01 00 00 09 00 01 35 03
000170 19 12 00 09
# bt_host_acl_hdlr Detected fragmented frame start
I 6.412902 000000 02 80 10 58 00 00 04 35 0D 35 06 19 01 00 09 00
000010 01 35 03 19 00 01 09 00 05 35 03 19 10 02 09 00
000020 06 35 09 09 65 6E 09 00 6A 09 01 00 09 00 09 35
000030 08 35 06 19 12 00 09 01 00 09 02 00 09 22 00 09
000040 02 01 09 2D C8 09 02 02 09 61 00 09 02 03 09 01
000050 00 09 02 04 28 01 09 02 05 09 00 02 00
# bt_host_acl_hdlr process reassembled frame. offset: 460 size 460
# bt_l2cap_cmd_sdp_disconn_req
O 6.417614 000000 02 80 20 0C 00 08 00 01 00 06 04 04 00 41 00 70
000010 00
# bt_sdp_parser HID descriptor size: 86 Usage page: 0501
# 3 0139 0 4, 0130 8 8, 0131 16 8, 0132 24 8, 0135 32 8, 0901 56 16 rtype: 2 dtype: 0
I 6.436700 000000 04 13 05 01 80 00 01 00
I 6.484189 000000 04 08 04 00 80 00 01
# BT_HCI_EVT_ENCRYPT_CHANGE
I 6.486810 000000 02 80 20 0C 00 08 00 01 00 07 04 04 00 41 00 70
000010 00
# BT_L2CAP_DISCONN_RSP
I 6.488040 000000 02 80 20 0C 00 08 00 01 00 02 04 04 00 13 00 42
000010 00
# BT_L2CAP_CONN_REQ
O 6.488637 000000 02 80 20 10 00 0C 00 01 00 03 04 08 00 90 00 42
000010 00 00 00 00 00
O 6.489319 000000 02 80 20 0C 00 08 00 01 00 04 05 04 00 42 00 00
000010 00
I 6.490366 000000 04 13 05 01 80 00 01 00
I 6.492840 000000 04 13 05 01 80 00 01 00
I 6.525592 000000 02 80 20 10 00 0C 00 01 00 04 05 08 00 90 00 00
000010 00 01 02 FC 01
# BT_L2CAP_CONF_REQ
O 6.526183 000000 02 80 20 12 00 0E 00 01 00 05 05 0A 00 42 00 00
000010 00 00 00 01 02 FC 01
I 6.538088 000000 02 80 20 0E 00 0A 00 01 00 05 05 06 00 90 00 00
000010 00 00 00
# BT_L2CAP_CONF_RSP
I 6.538722 000000 04 13 05 01 80 00 01 00
