# bt_hci_cmd_reset
O 000000 01 03 0C 00
I 000000 04 0E 04 05 03 0C 00
# BT_HCI_EVT_CMD_COMPLETE
# bt_hci_cmd_read_local_features
O 000000 01 03 10 00
I 000000 04 0E 0C 05 03 10 00 BF EE CD FE DB FF 7B 87
# BT_HCI_EVT_CMD_COMPLETE
# bt_hci_cmd_read_local_version_info
O 000000 01 01 10 00
I 000000 04 0E 0C 05 01 10 00 08 0E 03 08 60 00 0E 03
# BT_HCI_EVT_CMD_COMPLETE
# bt_hci_cmd_read_bd_addr
O 000000 01 09 10 00
I 000000 04 0E 0A 05 09 10 00 3E BA D2 B2 67 AC
# BT_HCI_EVT_CMD_COMPLETE
# local_bdaddr: AC:67:B2:D2:BA:3E
# bt_hci_cmd_read_buffer_size
O 000000 01 05 10 00
I 000000 04 0E 0B 05 05 10 00 FD 03 FF 09 00 04 00
# BT_HCI_EVT_CMD_COMPLETE
# bt_hci_cmd_read_class_of_device
O 000000 01 23 0C 00
I 000000 04 0E 07 05 23 0C 00 00 00 00
# BT_HCI_EVT_CMD_COMPLETE
# bt_hci_cmd_read_local_name
O 000000 01 14 0C 00
I 000000 04 0E FC 05 14 0C 00 00 00 00 00 00 00 00 00 00
000010 00 00 00 00 00 00 00 00 00 00 00 00 00 00 00 00
000020 00 00 00 00 00 00 00 00 00 00 00 00 00 00 00 00
000030 00 00 00 00 00 00 00 00 00 00 00 00 00 00 00 00
000040 00 00 00 00 00 00 00 00 00 00 00 00 00 00 00 00
000050 00 00 00 00 00 00 00 00 00 00 00 00 00 00 00 00
000060 00 00 00 00 00 00 00 00 00 00 00 00 00 00 00 00
000070 00 00 00 00 00 00 00 00 00 00 00 00 00 00 00 00
000080 00 00 00 00 00 00 00 00 00 00 00 00 00 00 00 00
000090 00 00 00 00 00 00 00 00 00 00 00 00 00 00 00 00
0000A0 00 00 00 00 00 00 00 00 00 00 00 00 00 00 00 00
0000B0 00 00 00 00 00 00 00 00 00 00 00 00 00 00 00 00
0000C0 00 00 00 00 00 00 00 00 00 00 00 00 00 00 00 00
0000D0 00 00 00 00 00 00 00 00 00 00 00 00 00 00 00 00
0000E0 00 00 00 00 00 00 00 00 00 00 00 00 00 00 00 00
0000F0 00 00 00 00 00 00 00 00 00 00 00 00 00 00 00
# BT_HCI_EVT_CMD_COMPLETE
# bt_hci_cmd_read_voice_setting
O 000000 01 25 0C 00
I 000000 04 0E 06 05 25 0C 00 00 00
# BT_HCI_EVT_CMD_COMPLETE
# bt_hci_cmd_read_num_supported_iac
O 000000 01 38 0C 00
I 000000 04 0E 05 05 38 0C 00 01
# BT_HCI_EVT_CMD_COMPLETE
# bt_hci_cmd_read_current_iac_lap
O 000000 01 39 0C 00
I 000000 04 0E 08 05 39 0C 00 01 33 8B 9E
# BT_HCI_EVT_CMD_COMPLETE
# bt_hci_cmd_set_event_filter
O 000000 01 05 0C 01 00
I 000000 04 0E 04 05 05 0C 00
# BT_HCI_EVT_CMD_COMPLETE
# bt_hci_cmd_write_conn_accept_timeout
O 000000 01 16 0C 02 00 7D
I 000000 04 0E 04 05 16 0C 00
# BT_HCI_EVT_CMD_COMPLETE
# bt_hci_cmd_read_supported_commands
O 000000 01 02 10 00
I 000000 04 0E 44 05 02 10 00 BF FF FF 03 CC FF EF FF 3F
000010 FF FC 1F F2 0F E8 FE 3F F7 8F FF 1C 00 04 00 61
000020 F7 FF FF 7F 38 C0 FF 7F FF FF 0F 00 00 00 00 00
000030 00 00 00 00 00 00 00 00 00 00 00 00 00 00 00 00
000040 00 00 00 00 00 00 00
# BT_HCI_EVT_CMD_COMPLETE
# bt_hci_cmd_write_ssp_mode
O 000000 01 56 0C 01 01
I 000000 04 0E 04 05 56 0C 00
# BT_HCI_EVT_CMD_COMPLETE
# bt_hci_cmd_write_inquiry_mode
O 000000 01 45 0C 01 02
I 000000 04 0E 04 05 45 0C 00
# BT_HCI_EVT_CMD_COMPLETE
# bt_hci_cmd_read_inquiry_rsp_tx_pwr_lvl
O 000000 01 58 0C 00
I 000000 04 0E 05 05 58 0C 00 F4
# BT_HCI_EVT_CMD_COMPLETE
# bt_hci_cmd_read_local_ext_features
O 000000 01 04 10 01 01
I 000000 04 0E 0E 05 04 10 00 01 02 01 00 00 00 00 00 00
000010 00
# BT_HCI_EVT_CMD_COMPLETE
# bt_hci_cmd_read_stored_link_key
O 000000 01 0D 0C 07 00 00 00 00 00 00 01
I 000000 04 0E 08 05 0D 0C 00 08 00 00 00
# BT_HCI_EVT_CMD_COMPLETE
# bt_hci_cmd_read_page_scan_activity
O 000000 01 1B 0C 00
I 000000 04 0E 08 05 1B 0C 00 00 08 12 00
# BT_HCI_EVT_CMD_COMPLETE
# bt_hci_cmd_read_page_scan_type
O 000000 01 46 0C 00
I 000000 04 0E 05 05 46 0C 00 00
# BT_HCI_EVT_CMD_COMPLETE
# bt_hci_cmd_write_le_host_supp
O 000000 01 6D 0C 02 01 00
I 000000 04 0E 04 05 6D 0C 00
# BT_HCI_EVT_CMD_COMPLETE
# bt_hci_cmd_delete_stored_link_key
O 000000 01 12 0C 07 00 00 00 00 00 00 01
I 000000 04 0E 06 05 12 0C 00 00 00
# BT_HCI_EVT_CMD_COMPLETE
# bt_hci_cmd_write_class_of_device
O 000000 01 24 0C 03 0C 01 1C
I 000000 04 0E 04 05 24 0C 00
# BT_HCI_EVT_CMD_COMPLETE
# bt_hci_cmd_write_local_name
O 000000 01 13 0C F8 42 6C 75 65 52 65 74 72 6F 20 41 64
000010 61 70 74 65 72 00 00 00 00 00 00 00 00 00 00 00
000020 00 00 00 00 00 00 00 00 00 00 00 00 00 00 00 00
000030 00 00 00 00 00 00 00 00 00 00 00 00 00 00 00 00
000040 00 00 00 00 00 00 00 00 00 00 00 00 00 00 00 00
000050 00 00 00 00 00 00 00 00 00 00 00 00 00 00 00 00
000060 00 00 00 00 00 00 00 00 00 00 00 00 00 00 00 00
000070 00 00 00 00 00 00 00 00 00 00 00 00 00 00 00 00
000080 00 00 00 00 00 00 00 00 00 00 00 00 00 00 00 00
000090 00 00 00 00 00 00 00 00 00 00 00 00 00 00 00 00
0000A0 00 00 00 00 00 00 00 00 00 00 00 00 00 00 00 00
0000B0 00 00 00 00 00 00 00 00 00 00 00 00 00 00 00 00
0000C0 00 00 00 00 00 00 00 00 00 00 00 00 00 00 00 00
0000D0 00 00 00 00 00 00 00 00 00 00 00 00 00 00 00 00
0000E0 00 00 00 00 00 00 00 00 00 00 00 00 00 00 00 00
0000F0 00 00 00 00 00 00 00 00 00 00 00 00
I 000000 04 0E 04 05 13 0C 00
# BT_HCI_EVT_CMD_COMPLETE
# bt_hci_cmd_set_event_filter
O 000000 01 05 0C 08 01 01 00 05 00 00 1F 00
I 000000 04 0E 04 05 05 0C 00
# BT_HCI_EVT_CMD_COMPLETE
# bt_hci_cmd_set_event_filter
O 000000 01 05 0C 09 02 01 00 05 00 00 1F 00 01
I 000000 04 0E 04 05 05 0C 00
# BT_HCI_EVT_CMD_COMPLETE
# bt_hci_cmd_write_auth_enable
O 000000 01 20 0C 01 00
I 000000 04 0E 04 05 20 0C 00
# BT_HCI_EVT_CMD_COMPLETE
# bt_hci_cmd_set_event_mask
O 000000 01 01 0C 08 FF FF FB FF 07 F8 BF 3D
I 000000 04 0E 04 05 01 0C 00
# BT_HCI_EVT_CMD_COMPLETE
# bt_hci_cmd_write_page_scan_activity
O 000000 01 1C 0C 04 50 00 12 00
I 000000 04 0E 04 05 1C 0C 00
# BT_HCI_EVT_CMD_COMPLETE
# bt_hci_cmd_write_inquiry_scan_activity
O 000000 01 1E 0C 04 50 00 12 00
I 000000 04 0E 04 05 1E 0C 00
# BT_HCI_EVT_CMD_COMPLETE
# bt_hci_cmd_write_page_scan_type
O 000000 01 47 0C 01 01
I 000000 04 0E 04 05 47 0C 00
# BT_HCI_EVT_CMD_COMPLETE
# bt_hci_cmd_write_page_scan_timeout
O 000000 01 18 0C 02 00 20
I 000000 04 0E 04 05 18 0C 00
# BT_HCI_EVT_CMD_COMPLETE
# bt_hci_cmd_write_hold_mode_act
O 000000 01 2C 0C 01 00
I 000000 04 0E 04 05 2C 0C 01
# BT_HCI_EVT_CMD_COMPLETE
# bt_hci_cmd_write_scan_enable
O 000000 01 1A 0C 01 02
I 000000 04 0E 04 05 1A 0C 00
# BT_HCI_EVT_CMD_COMPLETE
# bt_hci_cmd_write_default_link_policy
O 000000 01 0F 08 02 0F 00
I 000000 04 0E 04 05 0F 08 00
# BT_HCI_EVT_CMD_COMPLETE
# bt_hci_cmd_le_read_buffer_size
O 000000 01 02 20 00
I 000000 04 0E 07 05 02 20 00 FB 00 0A
# BT_HCI_EVT_CMD_COMPLETE
# bt_hci_cmd_le_set_adv_param
O 000000 01 06 20 0F A0 00 A0 00 00 00 00 00 00 00 00 00
000010 00 07 00
I 000000 04 0E 04 05 06 20 00
# BT_HCI_EVT_CMD_COMPLETE
# bt_hci_cmd_le_set_adv_data
O 000000 01 08 20 20 12 02 01 06 03 02 0F 18 0A 09 42 6C
000010 75 65 52 65 74 72 6F 00 00 00 00 00 00 00 00 00
000020 00 00 00 00
I 000000 04 0E 04 05 08 20 00
# BT_HCI_EVT_CMD_COMPLETE
# bt_hci_cmd_le_set_scan_rsp_data
O 000000 01 09 20 20 12 11 07 56 9A 79 76 A1 2F 4B 31 B0
000010 FA 80 51 56 0F 83 00 00 00 00 00 00 00 00 00 00
000020 00 00 00 00
I 000000 04 0E 04 05 09 20 00
# BT_HCI_EVT_CMD_COMPLETE
# bt_hci_cmd_le_set_adv_enable
O 000000 01 0A 20 01 01
I 000000 04 0E 04 05 0A 20 00
# BT_HCI_EVT_CMD_COMPLETE
# bt_hci_cmd_periodic_inquiry
O 000000 01 03 04 09 0A 00 08 00 33 8B 9E 03 FF
I 000000 04 0E 04 05 03 04 00
# BT_HCI_EVT_CMD_COMPLETE
I 000000 04 01 01 00
# BT_HCI_EVT_INQUIRY_COMPLETE
I 000000 04 04 0A DE 11 14 10 19 02 80 05 00 01
# BT_HCI_EVT_CONN_REQUEST
# bt_hci_cmd_accept_conn_req
# Page dev: 0 type: 0 bdaddr: 02:19:10:14:11:DE
O 000000 01 09 04 07 DE 11 14 10 19 02 00
I 000000 04 0F 04 00 05 09 04
# BT_HCI_EVT_CMD_STATUS
I 000000 04 12 08 00 DE 11 14 10 19 02 00
# BT_HCI_EVT_ROLE_CHANGE
I 000000 04 03 0B 00 80 00 DE 11 14 10 19 02 01 00
# BT_HCI_EVT_CONN_COMPLETE
# dev: 0 acl_handle: 0x0080
# bt_hci_cmd_le_set_adv_disable
# bt_hci_cmd_remote_name_request
O 000000 01 0A 20 01 00
I 000000 04 0E 04 05 0A 20 00
# BT_HCI_EVT_CMD_COMPLETE
I 000000 04 1B 03 80 00 05
O 000000 01 19 04 0A DE 11 14 10 19 02 01 00 00 00
I 000000 04 0F 04 00 05 19 04
# BT_HCI_EVT_CMD_STATUS
I 000000 04 07 FF 00 DE 11 14 10 19 02 4A 45 54 65 63 68
000010 20 30 38 38 34 00 00 00 00 00 00 00 00 00 00 00
000020 00 00 00 00 00 00 00 00 00 00 00 00 00 00 00 00
000030 00 00 00 00 00 00 00 00 00 00 00 00 00 00 00 00
000040 00 00 00 00 00 00 00 00 00 00 00 00 00 00 00 00
000050 00 00 00 00 00 00 00 00 00 00 00 00 00 00 00 00
000060 00 00 00 00 00 00 00 00 00 00 00 00 00 00 00 00
000070 00 00 00 00 00 00 00 00 00 00 00 00 00 00 00 00
000080 00 00 00 00 00 00 00 00 00 00 00 00 00 00 00 00
000090 00 00 00 00 00 00 00 00 00 00 00 00 00 00 00 00
0000A0 00 00 00 00 00 00 00 00 00 00 00 00 00 00 00 00
0000B0 00 00 00 00 00 00 00 00 00 00 00 00 00 00 00 00
0000C0 00 00 00 00 00 00 00 00 00 00 00 00 00 00 00 00
0000D0 00 00 00 00 00 00 00 00 00 00 00 00 00 00 00 00
0000E0 00 00 00 00 00 00 00 00 00 00 00 00 00 00 00 00
0000F0 00 00 00 00 00 00 00 00 00 00 00 00 00 00 00 00
000100 00 00
# BT_HCI_EVT_REMOTE_NAME_REQ_COMPLETE:
# bt_hci_cmd_read_remote_features
# dev: 0 type: 0 JETech 0884
O 000000 01 1B 04 02 80 00
I 000000 04 0F 04 00 05 1B 04
# BT_HCI_EVT_CMD_STATUS
I 000000 04 0B 0B 00 80 00 BF 06 86 78 18 1E 79 87
# BT_HCI_EVT_REMOTE_FEATURES
# bt_hci_cmd_read_remote_ext_features
# bt_l2cap_cmd_ext_feat_mask_req
O 000000 01 1C 04 03 80 00 01
I 000000 04 0F 04 00 05 1C 04
# BT_HCI_EVT_CMD_STATUS
O 000000 02 80 20 0A 00 06 00 01 00 0A 00 02 00 02 00
I 000000 04 13 05 01 80 00 01 00
I 000000 04 23 0D 00 80 00 01 01 00 00 00 00 00 00 00 00
# BT_HCI_EVT_REMOTE_EXT_FEATURES
I 000000 02 80 20 0C 00 08 00 01 00 02 02 04 00 11 00 4A
000010 00
# BT_L2CAP_CONN_REQ
O 000000 02 80 20 10 00 0C 00 01 00 03 02 08 00 80 00 4A
000010 00 00 00 00 00
O 000000 02 80I 000000 02 80 20 10 00 0C 00 01 00 0B 00 08 00 02 00 00
000010 00 80 02 00 00
# BT_L2CAP_INFO_RSP
# bt_l2cap_cmd_sdp_conn_req
 20 0C 00 08 00 01 00 04 01 04 00 4A 00 00
000010 00
O 000000 02 80 20 0C 00 08 00 01 00 02 02 04 00 01 00 70
000010 00
I 000000 04 13 05 01 80 00 01 00
I 000000 02 80 20 10 00 0C 00 01 00 04 03 08 00 80 00 00
000010 00 01 02 30 00
# BT_L2CAP_CONF_REQ
I 000000 04 13 05 01 80 00 01 00
O 000000 02 80 20 12 00 0E 00 01 00 05 03 0A 00 4A 00 00
000010 00 00 00 01 02 30I 000000 02 80 20 0E 00 0A 00 01 00 05 01 06 00 80 00 00
000010 00 00 00
# BT_L2CAP_CONF_RSP
I 000000 04 13 05 01 80 00 01 00
 00
I 000000 02 80 20 10 00 0C 00 01 00 03 02 08 00 40 00 70
000010 00 00 00 00 00
# BT_L2CAP_CONN_RSP
I 000000 04 13 05 01 80 00 01 00
O 000000 02 80 20 0C 00 08 00 01 00 04 03 04 00 40 00 00
000010 00
I 000000 02 80 20 10 00 0C 00 01 00 04 04 08 00 70 00 00
000010 00 01 02 30 00
# BT_L2CAP_CONF_REQ
O 000000 02 80 20 12 00 0E 00 01 00 05I 000000 02 80 20 0C 00 08 00 01 00 02 05 04 00 13 00 41
000010 00
# BT_L2CAP_CONN_REQ
I 000000 04 13 05 01 80 00 01 00
I 000000 02 80 20 0E 00 0A 00 01 00 05 03 06 00 70 00 00
000010 00 00 00
# BT_L2CAP_CONF_RSP
 04 0A 00 40 00 00
000010 00 00 00 01 02 30 00
O 000000 02 80 20 10 00 0C 00 01 00 03 05 08 00 90 00 41
000010 00 00 00 00 00
O 000000 02 80 20 0C 00 08 00 01 00 04 04 04 00 41 00 00
000010 00
O 000000 02 80 20 18 00 14 00 40 00 06 00 00 00 0F 35 03
000010 19 01 00 04 00 35 05 0A 00 00 FF FF 00
I 000000 04 13 05 01 80 00 01 00
I 000000 04 13 05 01 80 00 01 00
I 000000 02 80 20 10 00 0C 00 01 00 04 06 08 00 90 00 00
000010 00 01 02 30 00
# BT_L2CAP_CONF_REQ
I 000000 04 13 05 01 80 00 01 00
O 000000 02 80 20 12 00 0E 00 01 00 05 06 0A 00 41 00 00
000010 00 00 00 01 02 30 00
I 000000 02 80 20 0E 00 0A 00 01 00 05 04 06 00 90 00 00
000010 00 00 00
# BT_L2CAP_CONF_RSP
I 000000 04 13 05 01 80 00 01 00
I 000000 02 80 20 34 00 30 00 70 00 07 00 00 00 2B 00 26
000010 36 02 8D 36 00 8A 09 00 00 0A 00 00 00 00 09 00
000020 01 35 03 19 10 00 09 00 04 35 0D 35 06 19 01 00
000030 09 00 01 35 03 19 02 00 26
I 000000 04 13 05 01 80 00 01 00
O 000000 02 80 20 1A 00 16 00 40 00 06 00 01 00 11 35 03
000010 19 01 00 04 00 35 05 0A 00 00 FF FF 02 00 26
I 000000 04 13 05 01 80 00 01 00
I 000000 02 80 20 0D 00 09 00 90 00 A1 03 FF 02 19 10 14
000010 11 DE
I 000000 02 80 20 0B 00 07 00 90 00 A1 02 01 00 00 00 00
I 000000 02 80 20 0B 00 07 00 90 00 A1 02 00 00 00 00 00
I 000000 02 80 20 0B 00 07 00 90 00 A1 02 00 FF 0F 00 00
I 000000 02 80 20 1B 00 30 00 70 00 07 00 01 00 2B 00 26
000010 00 01 09 00 05 35 03 19 10 02 09 00 06 35 09 09
# bt_host_acl_hdlr Detected fragmented frame start
I 000000 02 80 10 19 00 65 6E 09 00 6A 09 01 00 09 00 09
000010 35 08 35 06 19 01 00 09 01 00 09 02 00 4C
# bt_host_acl_hdlr process reassembled frame. offset: 57 size 57
I 000000 04 14 06 00 80 00 02 0C 00
O 000000 02 80 20 1A 00 16 00 40 00 06 00 02 00 11 35 03
000010 19 01 00 04 00 35 05 0A 00 00 FF FF 02 00 4C
I 000000 04 13 05 01 80 00 01 00
I 000000 02 80 20 0B 00 07 00 90 00 A1 02 00 F3 8F FF 00
I 000000 02 80 20 0B 00 07 00 90 00 A1 02 00 00 F0 FF 00
I 000000 02 80 20 0B 00 07 00 90 00 A1 02 00 FE DF FF 00
I 000000 02 80 20 0B 00 07 00 90 00 A1 02 00 00 F0 FF 00
I 000000 02 80 20 0B 00 07 00 90 00 A1 02 00 00 F0 FF 00
I 000000 02 80 20 1B 00 30 00 70 00 07 00 02 00 2B 00 26
000010 01 00 25 23 42 6C 75 65 74 6F 6F 74 68 20 57 69
# bt_host_acl_hdlr Detected fragmented frame start
I 000000 02 80 10 19 00 72 65 6C 65 73 73 20 4D 6F 75 73
000010 65 20 53 44 50 20 53 65 72 76 65 02 00 72
# bt_host_acl_hdlr process reassembled frame. offset: 57 size 57
O 000000 02 80 20 1A 00 16 00 40 00 06 00 03 00 11 35 03
000010 19 01 00 04 00 35 05 0A 00 00 FF FF 02 00 72
I 000000 02 80 20 0B 00 07 00 90 00 A1 02 00 FF FF FF 00
I 000000 04 13 05 01 80 00 01 00
I 000000 02 80 20 1B 00 30 00 70 00 07 00 03 00 2B 00 26
000010 72 09 01 01 25 10 28 35 29 20 42 75 74 74 6F 6E
# bt_host_acl_hdlr Detected fragmented frame start
I 000000 02 80 10 19 00 20 4D 6F 75 73 65 09 02 00 35 03
000010 09 01 00 36 01 55 09 00 00 0A 00 02 00 98
# bt_host_acl_hdlr process reassembled frame. offset: 57 size 57
O 000000 02 80 20 1A 00 16 00 40 00 06 00 04 00 11 35 03
000010 19 01 00 04 00 35 05 0A 00 00 FF FF 02 00 98
I 000000 02 80 20 0B 00 07 00 90 00 A1 02 00 01 F0 FF 00
I 000000 04 13 05 01 80 00 01 00
I 000000 02 80 20 0B 00 07 00 90 00 A1 02 00 01 00 00 00
I 000000 02 80 20 1B 00 30 00 70 00 07 00 04 00 2B 00 26
000010 01 00 00 09 00 01 35 03 19 11 24 09 00 04 35 0D
# bt_host_acl_hdlr Detected fragmented frame start
I 000000 02 80 10 19 00 35 06 19 01 00 09 00 11 35 03 19
000010 00 11 09 00 05 35 03 19 10 02 09 02 00 BE
# bt_host_acl_hdlr process reassembled frame. offset: 57 size 57
O 000000 02 80 20 1A 00 16 00 40 00 06 00 05 00 11 35 03
000010 19 01 00 04 00 35 05 0A 00 00 FF FF 02 00 BE
I 000000 04 13 05 01 80 00 01 00
I 000000 02 80 20 1B 00 30 00 70 00 07 00 05 00 2B 00 26
000010 00 06 35 09 09 65 6E 09 00 6A 09 01 00 09 00 09
# bt_host_acl_hdlr Detected fragmented frame start
I 000000 02 80 10 19 00 35 08 35 06 19 11 24 09 01 01 09
000010 00 0D 35 0F 35 0D 35 06 19 01 00 02 00 E4
# bt_host_acl_hdlr process reassembled frame. offset: 57 size 57
O 000000 02 80 20 1A 00 16 00 40 00 06 00 06 00 11 35 03
000010 19 01 00 04 00 35 05 0A 00 00 FF FF 02 00 E4
I 000000 04 13 05 01 80 00 01 00
I 000000 02 80 20 1B 00 30 00 70 00 07 00 06 00 2B 00 26
000010 09 00 13 35 03 19 00 11 09 01 00 25 18 42 6C 75
# bt_host_acl_hdlr Detected fragmented frame start
I 000000 02 80 10 19 00 65 74 6F 6F 74 68 20 57 69 72 65
000010 6C 65 73 73 20 4D 6F 75 73 65 09 02 01 0A
# bt_host_acl_hdlr process reassembled frame. offset: 57 size 57
O 000000 02 80 20 1A 00 16 00 40 00 06 00 07 00 11 35 03
000010 19 01 00 04 00 35 05 0A 00 00 FF FF 02 01 0A
I 000000 04 13 05 01 80 00 01 00
I 000000 02 80 20 1B 00 30 00 70 00 07 00 07 00 2B 00 26
000010 01 01 25 10 28 33 29 20 42 75 74 74 6F 6E 20 4D
# bt_host_acl_hdlr Detected fragmented frame start
I 000000 02 80 10 19 00 6F 75 73 65 09 01 02 25 07 43 6F
000010 72 70 2E 20 20 09 02 01 09 01 11 02 01 30
# bt_host_acl_hdlr process reassembled frame. offset: 57 size 57
O 000000 02 80 20 1A 00 16 00 40 00 06 00 08 00 11 35 03
000010 19 01 00 04 00 35 05 0A 00 00 FF FF 02 01 30
I 000000 04 13 05 01 80 00 01 00
I 000000 02 80 20 1B 00 30 00 70 00 07 00 08 00 2B 00 26
000010 09 02 02 08 80 09 02 03 08 21 09 02 04 28 01 09
# bt_host_acl_hdlr Detected fragmented frame start
I 000000 02 80 10 19 00 02 05 28 01 09 02 06 35 6C 35 6A
000010 08 22 25 66 05 01 09 02 A1 01 85 02 01 56
# bt_host_acl_hdlr process reassembled frame. offset: 57 size 57
O 000000 02 80 20 1A 00 16 00 40 00 06 00 09 00 11 35 03
000010 19 01 00 04 00 35 05 0A 00 00 FF FF 02 01 56
I 000000 04 13 05 01 80 00 01 00
I 000000 02 80 20 1B 00 30 00 70 00 07 00 09 00 2B 00 26
000010 02 09 01 A1 00 05 09 19 01 29 05 15 00 25 01 75
# bt_host_acl_hdlr Detected fragmented frame start
I 000000 02 80 10 19 00 01 95 05 81 02 75 03 95 01 81 01
000010 05 01 09 30 09 31 16 01 F8 26 FF 02 01 7C
# bt_host_acl_hdlr process reassembled frame. offset: 57 size 57
O 000000 02 80 20 1A 00 16 00 40 00 06 00 0A 00 11 35 03
000010 19 01 00 04 00 35 05 0A 00 00 FF FF 02 01 7C
I 000000 04 13 05 01 80 00 01 00
I 000000 02 80 20 1B 00 30 00 70 00 07 00 0A 00 2B 00 26
000010 07 75 0C 95 02 81 06 09 38 15 81 25 7F 75 08 95
# bt_host_acl_hdlr Detected fragmented frame start
I 000000 02 80 10 19 00 01 81 06 C0 C0 05 0C 09 01 A1 01
000010 85 03 05 06 09 20 15 00 26 FF 00 02 01 A2
# bt_host_acl_hdlr process reassembled frame. offset: 57 size 57
O 000000 02 80 20 1A 00 16 00 40 00 06 00 0B 00 11 35 03
000010 19 01 00 04 00 35 05 0A 00 00 FF FF 02 01 A2
I 000000 04 13 05 01 80 00 01 00
I 000000 02 80 20 1B 00 30 00 70 00 07 00 0B 00 2B 00 26
000010 75 08 95 01 81 02 06 BC FF 0A AD BD 75 08 95 06
# bt_host_acl_hdlr Detected fragmented frame start
I 000000 02 80 10 19 00 81 02 C0 09 02 07 35 08 35 06 09
000010 04 09 09 01 00 09 02 09 28 01 09 02 01 C8
# bt_host_acl_hdlr process reassembled frame. offset: 57 size 57
O 000000 02 80 20 1A 00 16 00 40 00 06 00 0C 00 11 35 03
000010 19 01 00 04 00 35 05 0A 00 00 FF FF 02 01 C8
I 000000 04 13 05 01 80 00 01 00
I 000000 02 80 20 1B 00 30 00 70 00 07 00 0C 00 2B 00 26
000010 02 0A 28 01 09 02 0C 09 0C 80 09 02 0D 28 00 09
# bt_host_acl_hdlr Detected fragmented frame start
I 000000 02 80 10 19 00 02 0E 28 01 09 02 0F 09 03 18 09
000010 02 10 09 00 00 36 00 A5 09 00 00 02 01 EE
# bt_host_acl_hdlr process reassembled frame. offset: 57 size 57
O 000000 02 80 20 1A 00 16 00 40 00 06 00 0D 00 11 35 03
000010 19 01 00 04 00 35 05 0A 00 00 FF FF 02 01 EE
I 000000 04 13 05 01 80 00 01 00
I 000000 02 80 20 1B 00 30 00 70 00 07 00 0D 00 2B 00 26
000010 0A 00 01 00 01 09 00 01 35 03 19 12 00 09 00 04
# bt_host_acl_hdlr Detected fragmented frame start
I 000000 02 80 10 19 00 35 0D 35 06 19 01 00 09 00 01 35
000010 03 19 00 01 09 00 05 35 03 19 10 02 02 14
# bt_host_acl_hdlr process reassembled frame. offset: 57 size 57
O 000000 02 80 20 1A 00 16 00 40 00 06 00 0E 00 11 35 03
000010 19 01 00 04 00 35 05 0A 00 00 FF FF 02 02 14
I 000000 04 13 05 01 80 00 01 00
I 000000 02 80 20 1B 00 30 00 70 00 07 00 0E 00 2B 00 26
000010 02 09 00 06 35 09 09 65 6E 09 00 6A 09 01 00 09
# bt_host_acl_hdlr Detected fragmented frame start
I 000000 02 80 10 19 00 00 09 35 08 35 06 19 12 00 09 01
000010 00 09 01 00 25 23 42 6C 75 65 74 02 02 3A
# bt_host_acl_hdlr process reassembled frame. offset: 57 size 57
O 000000 02 80 20 1A 00 16 00 40 00 06 00 0F 00 11 35 03
000010 19 01 00 04 00 35 05 0A 00 00 FF FF 02 02 3A
I 000000 04 13 05 01 80 00 01 00
I 000000 02 80 20 1B 00 30 00 70 00 07 00 0F 00 2B 00 26
000010 6F 6F 74 68 20 57 69 72 65 6C 65 73 73 20 4D 6F
# bt_host_acl_hdlr Detected fragmented frame start
I 000000 02 80 10 19 00 75 73 65 20 50 6E 50 20 53 65 72
000010 76 65 72 09 01 01 25 10 28 35 29 02 02 60
# bt_host_acl_hdlr process reassembled frame. offset: 57 size 57
O 000000 02 80 20 1A 00 16 00 40 00 06 00 10 00 11 35 03
000010 19 01 00 04 00 35 05 0A 00 00 FF FF 02 02 60
I 000000 04 13 05 01 80 00 01 00
I 000000 02 80 20 1B 00 30 00 70 00 07 00 10 00 2B 00 26
000010 20 42 75 74 74 6F 6E 20 4D 6F 75 73 65 09 02 00
# bt_host_acl_hdlr Detected fragmented frame start
I 000000 02 80 10 19 00 09 01 03 09 02 01 09 0A 5C 09 02
000010 02 09 00 01 09 02 03 09 01 29 09 02 02 86
# bt_host_acl_hdlr process reassembled frame. offset: 57 size 57
O 000000 02 80 20 1A 00 16 00 40 00 06 00 11 00 11 35 03
000010 19 01 00 04 00 35 05 0A 00 00 FF FF 02 02 86
I 000000 04 13 05 01 80 00 01 00
I 000000 02 80 20 16 00 12 00 70 00 07 00 11 00 0D 00 0A
000010 02 04 28 01 09 02 05 09 00 02 00
# bt_l2cap_cmd_sdp_disconn_req
O 000000 02 80 20 0C 00 08 00 01 00 06 05 04 00 40 00 70
000010 00
# bt_sdp_parser HID descriptor size: 102 Usage page: 0501
# 2 0901 0 5 0130 8 12, 0131 20 12, 0138 32 8, rtype: 1 dtype: 0
# 3 0620 0 8,
I 000000 04 13 05 01 80 00 01 00
I 000000 02 80 20 0C 00 08 00 01 00 07 05 04 00 40 00 70
000010 00
# BT_L2CAP_DISCONN_RSP
I 000000 02 80 20 0B 00 07 00 90 00 A1 02 00 FB FF FF 00
I 000000 02 80 20 0B 00 07 00 90 00 A1 02 00 F5 FF FF 00
I 000000 02 80 20 0B 00 07 00 90 00 A1 02 00 ED 0F 00 00
I 000000 02 80 20 0B 00 07 00 90 00 A1 02 00 E4 0F 00 00
I 000000 02 80 20 0B 00 07 00 90 00 A1 02 00 DC FF FF 00
I 000000 02 80 20 0B 00 07 00 90 00 A1 02 00 D9 0F 00 00
I 000000 02 80 20 0B 00 07 00 90 00 A1 02 00 D3 FF FF 00
I 000000 02 80 20 0B 00 07 00 90 00 A1 02 00 D4 DF FF 00
I 000000 02 80 20 0B 00 07 00 90 00 A1 02 00 D6 0F 00 00
I 000000 02 80 20 0B 00 07 00 90 00 A1 02 00 DB 0F 00 00
I 000000 02 80 20 0B 00 07 00 90 00 A1 02 00 E1 0F 00 00
I 000000 02 80 20 0B 00 07 00 90 00 A1 02 00 E8 FF FF 00
I 000000 02 80 20 0B 00 07 00 90 00 A1 02 00 EF 0F 00 00
I 000000 02 80 20 0B 00 07 00 90 00 A1 02 00 F9 0F 00 00
I 000000 02 80 20 0B 00 07 00 90 00 A1 02 00 FE 0F 00 00
I 000000 02 80 20 0B 00 07 00 90 00 A1 02 00 03 E0 FF 00
I 000000 02 80 20 0B 00 07 00 90 00 A1 02 00 06 E0 FF 00
I 000000 02 80 20 0B 00 07 00 90 00 A1 02 00 09 D0 FF 00
I 000000 02 80 20 0B 00 07 00 90 00 A1 02 00 0D 80 FF 00
I 000000 02 80 20 0B 00 07 00 90 00 A1 02 00 11 80 FF 00
I 000000 02 80 20 0B 00 07 00 90 00 A1 02 00 18 90 FF 00
I 000000 02 80 20 0B 00 07 00 90 00 A1 02 00 19 90 FF 00
I 000000 02 80 20 0B 00 07 00 90 00 A1 02 00 1F D0 FF 00
I 000000 02 80 20 0B 00 07 00 90 00 A1 02 00 20 C0 FF 00
I 000000 02 80 20 0B 00 07 00 90 00 A1 02 00 22 F0 FF 00
I 000000 02 80 20 0B 00 07 00 90 00 A1 02 00 24 F0 FF 00
I 000000 02 80 20 0B 00 07 00 90 00 A1 02 00 21 00 00 00
I 000000 02 80 20 0B 00 07 00 90 00 A1 02 00 23 00 00 00
I 000000 02 80 20 0B 00 07 00 90 00 A1 02 00 20 50 00 00
I 000000 02 80 20 0B 00 07 00 90 00 A1 02 00 19 70 00 00
I 000000 02 80 20 0B 00 07 00 90 00 A1 02 00 13 A0 00 00
I 000000 02 80 20 0B 00 07 00 90 00 A1 02 00 12 80 00 00
I 000000 02 80 20 0B 00 07 00 90 00 A1 02 00 0B B0 00 00
I 000000 02 80 20 0B 00 07 00 90 00 A1 02 00 06 C0 00 00
I 000000 02 80 20 0B 00 07 00 90 00 A1 02 00 04 D0 00 00
I 000000 02 80 20 0B 00 07 00 90 00 A1 02 00 01 F0 00 00
I 000000 02 80 20 0B 00 07 00 90 00 A1 02 00 FF FF 00 00
I 000000 02 80 20 0B 00 07 00 90 00 A1 02 00 FD 1F 01 00
I 000000 02 80 20 0B 00 07 00 90 00 A1 02 00 F9 0F 01 00
I 000000 02 80 20 0B 00 07 00 90 00 A1 02 00 F7 FF 00 00
I 000000 02 80 20 0B 00 07 00 90 00 A1 02 00 F3 FF 00 00
I 000000 02 80 20 0B 00 07 00 90 00 A1 02 00 F3 BF 00 00
I 000000 02 80 20 0B 00 07 00 90 00 A1 02 00 F0 9F 00 00
I 000000 02 80 20 0B 00 07 00 90 00 A1 02 00 EF 5F 00 00
I 000000 02 80 20 0B 00 07 00 90 00 A1 02 00 ED 3F 00 00
I 000000 02 80 20 0B 00 07 00 90 00 A1 02 00 EB 0F 00 00
I 000000 02 80 20 0B 00 07 00 90 00 A1 02 00 EA DF FF 00
I 000000 02 80 20 0B 00 07 00 90 00 A1 02 00 E9 9F FF 00
I 000000 02 80 20 0B 00 07 00 90 00 A1 02 00 E8 5F FF 00
I 000000 02 80 20 0B 00 07 00 90 00 A1 02 00 E8 1F FF 00
I 000000 02 80 20 0B 00 07 00 90 00 A1 02 00 E8 FF FE 00
I 000000 02 80 20 0B 00 07 00 90 00 A1 02 00 EA CF FE 00
I 000000 02 80 20 0B 00 07 00 90 00 A1 02 00 EF DF FE 00
I 000000 02 80 20 0B 00 07 00 90 00 A1 02 00 EC 8F FE 00
I 000000 02 80 20 0B 00 07 00 90 00 A1 02 00 EF 9F FE 00
I 000000 02 80 20 0B 00 07 00 90 00 A1 02 00 F1 BF FE 00
I 000000 02 80 20 0B 00 07 00 90 00 A1 02 00 F6 CF FE 00
I 000000 02 80 20 0B 00 07 00 90 00 A1 02 00 FB CF FE 00
I 000000 02 80 20 0B 00 07 00 90 00 A1 02 00 FF FF FE 00
I 000000 02 80 20 0B 00 07 00 90 00 A1 02 00 00 20 FF 00
I 000000 02 80 20 0B 00 07 00 90 00 A1 02 00 03 40 FF 00
I 000000 02 80 20 0B 00 07 00 90 00 A1 02 00 08 50 FF 00
I 000000 02 80 20 0B 00 07 00 90 00 A1 02 00 09 80 FF 00
I 000000 02 80 20 0B 00 07 00 90 00 A1 02 00 0B 70 FF 00
I 000000 02 80 20 0B 00 07 00 90 00 A1 02 00 0B A0 FF 00
I 000000 02 80 20 0B 00 07 00 90 00 A1 02 00 0B B0 FF 00
I 000000 02 80 20 0B 00 07 00 90 00 A1 02 00 09 F0 FF 00
I 000000 02 80 20 0B 00 07 00 90 00 A1 02 00 06 00 00 00
I 000000 02 80 20 0B 00 07 00 90 00 A1 02 00 04 00 00 00
I 000000 02 80 20 0B 00 07 00 90 00 A1 02 00 01 00 00 00
I 000000 02 80 20 0B 00 07 00 90 00 A1 02 00 01 00 00 00
I 000000 02 80 20 0B 00 07 00 90 00 A1 02 00 02 10 00 00
I 000000 02 80 20 0B 00 07 00 90 00 A1 02 00 01 10 00 00
I 000000 02 80 20 0B 00 07 00 90 00 A1 02 00 03 00 00 00
I 000000 02 80 20 0B 00 07 00 90 00 A1 02 00 02 10 00 00
I 000000 02 80 20 0B 00 07 00 90 00 A1 02 00 03 00 00 00
I 000000 02 80 20 0B 00 07 00 90 00 A1 02 00 01 00 00 00
I 000000 02 80 20 0B 00 07 00 90 00 A1 02 00 01 00 00 00
I 000000 02 80 20 0B 00 07 00 90 00 A1 02 00 FF 0F 00 00
I 000000 02 80 20 0B 00 07 00 90 00 A1 02 00 05 00 00 00
I 000000 02 80 20 0B 00 07 00 90 00 A1 02 00 06 00 00 00
I 000000 02 80 20 0B 00 07 00 90 00 A1 02 00 08 00 00 00
I 000000 02 80 20 0B 00 07 00 90 00 A1 02 00 09 00 00 00
I 000000 02 80 20 0B 00 07 00 90 00 A1 02 00 09 F0 FF 00
I 000000 02 80 20 0B 00 07 00 90 00 A1 02 00 0A E0 FF 00
I 000000 02 80 20 0B 00 07 00 90 00 A1 02 00 0C 00 00 00
I 000000 02 80 20 0B 00 07 00 90 00 A1 02 00 0B D0 FF 00
I 000000 02 80 20 0B 00 07 00 90 00 A1 02 00 0E E0 FF 00
I 000000 02 80 20 0B 00 07 00 90 00 A1 02 00 0D D0 FF 00
I 000000 02 80 20 0B 00 07 00 90 00 A1 02 00 10 E0 FF 00
I 000000 02 80 20 0B 00 07 00 90 00 A1 02 00 11 C0 FF 00
I 000000 02 80 20 0B 00 07 00 90 00 A1 02 00 12 E0 FF 00
I 000000 02 80 20 0B 00 07 00 90 00 A1 02 00 15 E0 FF 00
I 000000 02 80 20 0B 00 07 00 90 00 A1 02 00 13 E0 FF 00
I 000000 02 80 20 0B 00 07 00 90 00 A1 02 00 10 F0 FF 00
I 000000 02 80 20 0B 00 07 00 90 00 A1 02 00 0E F0 FF 00
I 000000 02 80 20 0B 00 07 00 90 00 A1 02 00 0E 00 00 00
I 000000 02 80 20 0B 00 07 00 90 00 A1 02 00 0B 00 00 00
I 000000 02 80 20 0B 00 07 00 90 00 A1 02 00 0A 00 00 00
I 000000 02 80 20 0B 00 07 00 90 00 A1 02 00 09 20 00 00
I 000000 02 80 20 0B 00 07 00 90 00 A1 02 00 08 40 00 00
I 000000 02 80 20 0B 00 07 00 90 00 A1 02 00 04 40 00 00
I 000000 02 80 20 0B 00 07 00 90 00 A1 02 00 02 50 00 00
I 000000 02 80 20 0B 00 07 00 90 00 A1 02 00 01 40 00 00
I 000000 02 80 20 0B 00 07 00 90 00 A1 02 00 FF 6F 00 00
I 000000 02 80 20 0B 00 07 00 90 00 A1 02 00 FD 6F 00 00
I 000000 02 80 20 0B 00 07 00 90 00 A1 02 00 F8 8F 00 00
I 000000 02 80 20 0B 00 07 00 90 00 A1 02 00 F8 6F 00 00
I 000000 02 80 20 0B 00 07 00 90 00 A1 02 00 FA 6F 00 00
I 000000 02 80 20 0B 00 07 00 90 00 A1 02 00 F6 5F 00 00
I 000000 02 80 20 0B 00 07 00 90 00 A1 02 00 F6 3F 00 00
I 000000 02 80 20 0B 00 07 00 90 00 A1 02 00 F6 3F 00 00
I 000000 02 80 20 0B 00 07 00 90 00 A1 02 00 F7 0F 00 00
I 000000 02 80 20 0B 00 07 00 90 00 A1 02 00 F7 0F 00 00
I 000000 02 80 20 0B 00 07 00 90 00 A1 02 00 F8 0F 00 00
I 000000 02 80 20 0B 00 07 00 90 00 A1 02 00 F9 0F 00 00
I 000000 02 80 20 0B 00 07 00 90 00 A1 02 00 FB FF FF 00
I 000000 02 80 20 0B 00 07 00 90 00 A1 02 00 FC DF FF 00
I 000000 02 80 20 0B 00 07 00 90 00 A1 02 00 FD DF FF 00
I 000000 02 80 20 0B 00 07 00 90 00 A1 02 00 FB BF FF 00
I 000000 02 80 20 0B 00 07 00 90 00 A1 02 00 FD CF FF 00
I 000000 02 80 20 0B 00 07 00 90 00 A1 02 00 FB 8F FF 00
I 000000 02 80 20 0B 00 07 00 90 00 A1 02 00 FB 7F FF 00
I 000000 02 80 20 0B 00 07 00 90 00 A1 02 00 FA 5F FF 00
I 000000 02 80 20 0B 00 07 00 90 00 A1 02 00 FA 4F FF 00
I 000000 02 80 20 0B 00 07 00 90 00 A1 02 00 FA 6F FF 00
I 000000 02 80 20 0B 00 07 00 90 00 A1 02 00 FA 5F FF 00
I 000000 02 80 20 0B 00 07 00 90 00 A1 02 00 FB 6F FF 00
I 000000 02 80 20 0B 00 07 00 90 00 A1 02 00 FB 6F FF 00
I 000000 02 80 20 0B 00 07 00 90 00 A1 02 00 FB AF FF 00
I 000000 02 80 20 0B 00 07 00 90 00 A1 02 00 FC AF FF 00
I 000000 02 80 20 0B 00 07 00 90 00 A1 02 00 FC BF FF 00
I 000000 02 80 20 0B 00 07 00 90 00 A1 02 00 FD DF FF 00
I 000000 02 80 20 0B 00 07 00 90 00 A1 02 00 FE FF FF 00
I 000000 02 80 20 0B 00 07 00 90 00 A1 02 00 FD FF FF 00
I 000000 02 80 20 0B 00 07 00 90 00 A1 02 00 FC 0F 00 00
I 000000 02 80 20 0B 00 07 00 90 00 A1 02 00 F6 1F 00 00
I 000000 02 80 20 0B 00 07 00 90 00 A1 02 00 F4 6F 00 00
I 000000 02 80 20 0B 00 07 00 90 00 A1 02 00 F3 AF 00 00
I 000000 02 80 20 0B 00 07 00 90 00 A1 02 00 F0 AF 00 00
I 000000 02 80 20 0B 00 07 00 90 00 A1 02 00 F0 CF 00 00
I 000000 02 80 20 0B 00 07 00 90 00 A1 02 00 F1 AF 00 00
I 000000 02 80 20 0B 00 07 00 90 00 A1 02 00 F0 DF 00 00
I 000000 02 80 20 0B 00 07 00 90 00 A1 02 00 F1 CF 00 00
I 000000 02 80 20 0B 00 07 00 90 00 A1 02 00 F2 BF 00 00
I 000000 02 80 20 0B 00 07 00 90 00 A1 02 00 F6 9F 00 00
I 000000 02 80 20 0B 00 07 00 90 00 A1 02 00 F5 BF 00 00
I 000000 02 80 20 0B 00 07 00 90 00 A1 02 00 F7 DF 00 00
I 000000 02 80 20 0B 00 07 00 90 00 A1 02 00 FA DF 00 00
I 000000 02 80 20 0B 00 07 00 90 00 A1 02 00 FC CF 00 00
I 000000 02 80 20 0B 00 07 00 90 00 A1 02 00 00 D0 00 00
I 000000 02 80 20 0B 00 07 00 90 00 A1 02 00 03 D0 00 00
I 000000 02 80 20 0B 00 07 00 90 00 A1 02 00 06 E0 00 00
I 000000 02 80 20 0B 00 07 00 90 00 A1 02 00 0A D0 00 00
I 000000 02 80 20 0B 00 07 00 90 00 A1 02 00 0E C0 00 00
I 000000 02 80 20 0B 00 07 00 90 00 A1 02 00 11 B0 00 00
I 000000 02 80 20 0B 00 07 00 90 00 A1 02 00 17 A0 00 00
I 000000 02 80 20 0B 00 07 00 90 00 A1 02 00 19 80 00 00
I 000000 02 80 20 0B 00 07 00 90 00 A1 02 00 1E 50 00 00
I 000000 02 80 20 0B 00 07 00 90 00 A1 02 00 21 30 00 00
I 000000 02 80 20 0B 00 07 00 90 00 A1 02 00 22 00 00 00
I 000000 02 80 20 0B 00 07 00 90 00 A1 02 00 22 00 00 00
I 000000 02 80 20 0B 00 07 00 90 00 A1 02 00 22 00 00 00
I 000000 02 80 20 0B 00 07 00 90 00 A1 02 00 1F D0 FF 00
I 000000 02 80 20 0B 00 07 00 90 00 A1 02 00 1F C0 FF 00
I 000000 02 80 20 0B 00 07 00 90 00 A1 02 00 1C A0 FF 00
I 000000 02 80 20 0B 00 07 00 90 00 A1 02 00 1A 80 FF 00
I 000000 02 80 20 0B 00 07 00 90 00 A1 02 00 17 80 FF 00
I 000000 02 80 20 0B 00 07 00 90 00 A1 02 00 16 60 FF 00
I 000000 02 80 20 0B 00 07 00 90 00 A1 02 00 14 60 FF 00
I 000000 02 80 20 0B 00 07 00 90 00 A1 02 00 14 70 FF 00
I 000000 02 80 20 0B 00 07 00 90 00 A1 02 00 12 80 FF 00
I 000000 02 80 20 0B 00 07 00 90 00 A1 02 00 13 B0 FF 00
I 000000 02 80 20 0B 00 07 00 90 00 A1 02 00 10 C0 FF 00
I 000000 02 80 20 0B 00 07 00 90 00 A1 02 00 10 E0 FF 00
I 000000 02 80 20 0B 00 07 00 90 00 A1 02 00 0E 00 00 00
I 000000 02 80 20 0B 00 07 00 90 00 A1 02 00 0B 00 00 00
I 000000 02 80 20 0B 00 07 00 90 00 A1 02 00 09 20 00 00
I 000000 02 80 20 0B 00 07 00 90 00 A1 02 00 06 40 00 00
I 000000 02 80 20 0B 00 07 00 90 00 A1 02 00 04 20 00 00
I 000000 02 80 20 0B 00 07 00 90 00 A1 02 00 03 30 00 00
I 000000 02 80 20 0B 00 07 00 90 00 A1 02 00 01 10 00 00
I 000000 02 80 20 0B 00 07 00 90 00 A1 02 00 01 20 00 00
I 000000 02 80 20 0B 00 07 00 90 00 A1 02 00 00 10 00 00
I 000000 02 80 20 0B 00 07 00 90 00 A1 02 00 01 00 00 00
I 000000 02 80 20 0B 00 07 00 90 00 A1 02 00 FF 0F 00 00
I 000000 02 80 20 0B 00 07 00 90 00 A1 02 00 FF 1F 00 00
I 000000 02 80 20 0B 00 07 00 90 00 A1 02 00 FE 0F 00 00
I 000000 02 80 20 0B 00 07 00 90 00 A1 02 00 FF 1F 00 00
I 000000 02 80 20 0B 00 07 00 90 00 A1 02 00 FF 0F 00 00
I 000000 02 80 20 0B 00 07 00 90 00 A1 02 00 00 80 FF 00
I 000000 02 80 20 0B 00 07 00 90 00 A1 02 00 FD 5F FF 00
I 000000 02 80 20 0B 00 07 00 90 00 A1 02 00 FB 3F FF 00
I 000000 02 80 20 0B 00 07 00 90 00 A1 02 00 F8 2F FF 00
I 000000 02 80 20 0B 00 07 00 90 00 A1 02 00 F4 2F FF 00
I 000000 02 80 20 0B 00 07 00 90 00 A1 02 00 F5 3F FF 00
I 000000 02 80 20 0B 00 07 00 90 00 A1 02 00 F5 EF FE 00
I 000000 02 80 20 0B 00 07 00 90 00 A1 02 00 F5 0F FF 00
I 000000 02 80 20 0B 00 07 00 90 00 A1 02 00 F8 EF FE 00
I 000000 02 80 20 0B 00 07 00 90 00 A1 02 00 F5 FF FE 00
I 000000 02 80 20 0B 00 07 00 90 00 A1 02 00 F6 FF FE 00
I 000000 02 80 20 0B 00 07 00 90 00 A1 02 00 F3 0F FF 00
I 000000 02 80 20 0B 00 07 00 90 00 A1 02 00 F3 2F FF 00
I 000000 02 80 20 0B 00 07 00 90 00 A1 02 00 F3 3F FF 00
I 000000 02 80 20 0B 00 07 00 90 00 A1 02 00 F1 5F FF 00
I 000000 02 80 20 0B 00 07 00 90 00 A1 02 00 F0 9F FF 00
I 000000 02 80 20 0B 00 07 00 90 00 A1 02 00 EC BF FF 00
I 000000 02 80 20 0B 00 07 00 90 00 A1 02 00 E7 CF FF 00
I 000000 02 80 20 0B 00 07 00 90 00 A1 02 00 E6 DF FF 00
I 000000 02 80 20 0B 00 07 00 90 00 A1 02 00 E0 DF FF 00
I 000000 02 80 20 0B 00 07 00 90 00 A1 02 00 E0 EF FF 00
I 000000 02 80 20 0B 00 07 00 90 00 A1 02 00 E2 CF FF 00
I 000000 02 80 20 0B 00 07 00 90 00 A1 02 00 E7 BF FF 00
I 000000 02 80 20 0B 00 07 00 90 00 A1 02 00 E7 BF FF 00
I 000000 02 80 20 0B 00 07 00 90 00 A1 02 00 E7 AF FF 00
I 000000 02 80 20 0B 00 07 00 90 00 A1 02 00 EF 9F FF 00
I 000000 02 80 20 0B 00 07 00 90 00 A1 02 00 EC 9F FF 00
I 000000 02 80 20 0B 00 07 00 90 00 A1 02 00 F1 8F FF 00
I 000000 02 80 20 0B 00 07 00 90 00 A1 02 00 F1 9F FF 00
I 000000 02 80 20 0B 00 07 00 90 00 A1 02 00 F3 BF FF 00
I 000000 02 80 20 0B 00 07 00 90 00 A1 02 00 F4 CF FF 00
I 000000 02 80 20 0B 00 07 00 90 00 A1 02 00 F8 CF FF 00
I 000000 02 80 20 0B 00 07 00 90 00 A1 02 00 FB BF FF 00
I 000000 02 80 20 0B 00 07 00 90 00 A1 02 00 FB BF FF 00
I 000000 02 80 20 0B 00 07 00 90 00 A1 02 00 FC CF FF 00
I 000000 02 80 20 0B 00 07 00 90 00 A1 02 00 FE CF FF 00
I 000000 02 80 20 0B 00 07 00 90 00 A1 02 00 FC CF FF 00
I 000000 02 80 20 0B 00 07 00 90 00 A1 02 00 FF DF FF 00
I 000000 02 80 20 0B 00 07 00 90 00 A1 02 00 FE CF FF 00
I 000000 02 80 20 0B 00 07 00 90 00 A1 02 00 FF EF FF 00
I 000000 02 80 20 0B 00 07 00 90 00 A1 02 00 00 D0 FF 00
I 000000 02 80 20 0B 00 07 00 90 00 A1 02 00 00 E0 FF 00
I 000000 02 80 20 0B 00 07 00 90 00 A1 02 00 FD DF FF 00
I 000000 02 80 20 0B 00 07 00 90 00 A1 02 00 00 F0 FF 00
I 000000 02 80 20 0B 00 07 00 90 00 A1 02 00 FD DF FF 00
I 000000 02 80 20 0B 00 07 00 90 00 A1 02 00 FF CF FF 00
I 000000 02 80 20 0B 00 07 00 90 00 A1 02 00 FD CF FF 00
I 000000 02 80 20 0B 00 07 00 90 00 A1 02 00 FF DF FF 00
I 000000 02 80 20 0B 00 07 00 90 00 A1 02 00 FD BF FF 00
I 000000 02 80 20 0B 00 07 00 90 00 A1 02 00 FD BF FF 00
I 000000 02 80 20 0B 00 07 00 90 00 A1 02 00 FD BF FF 00
I 000000 02 80 20 0B 00 07 00 90 00 A1 02 00 FD AF FF 00
I 000000 02 80 20 0B 00 07 00 90 00 A1 02 00 FD CF FF 00
I 000000 02 80 20 0B 00 07 00 90 00 A1 02 00 FC AF FF 00
I 000000 02 80 20 0B 00 07 00 90 00 A1 02 00 FE AF FF 00
I 000000 02 80 20 0B 00 07 00 90 00 A1 02 00 FD 8F FF 00
I 000000 02 80 20 0B 00 07 00 90 00 A1 02 00 FD 9F FF 00
I 000000 02 80 20 0B 00 07 00 90 00 A1 02 00 FC 9F FF 00
I 000000 02 80 20 0B 00 07 00 90 00 A1 02 00 FD AF FF 00
I 000000 02 80 20 0B 00 07 00 90 00 A1 02 00 FC AF FF 00
I 000000 02 80 20 0B 00 07 00 90 00 A1 02 00 FB AF FF 00
I 000000 02 80 20 0B 00 07 00 90 00 A1 02 00 FA 9F FF 00
I 000000 02 80 20 0B 00 07 00 90 00 A1 02 00 F9 AF FF 00
I 000000 02 80 20 0B 00 07 00 90 00 A1 02 00 F9 BF FF 00
I 000000 02 80 20 0B 00 07 00 90 00 A1 02 00 F9 BF FF 00
I 000000 02 80 20 0B 00 07 00 90 00 A1 02 00 FA CF FF 00
I 000000 02 80 20 0B 00 07 00 90 00 A1 02 00 F8 DF FF 00
I 000000 02 80 20 0B 00 07 00 90 00 A1 02 00 FA CF FF 00
I 000000 02 80 20 0B 00 07 00 90 00 A1 02 00 FA CF FF 00
I 000000 02 80 20 0B 00 07 00 90 00 A1 02 00 FB EF FF 00
I 000000 02 80 20 0B 00 07 00 90 00 A1 02 00 FA DF FF 00
I 000000 02 80 20 0B 00 07 00 90 00 A1 02 00 FC DF FF 00
I 000000 02 80 20 0B 00 07 00 90 00 A1 02 00 FC DF FF 00
I 000000 02 80 20 0B 00 07 00 90 00 A1 02 00 FE EF FF 00
I 000000 02 80 20 0B 00 07 00 90 00 A1 02 00 FC DF FF 00
I 000000 02 80 20 0B 00 07 00 90 00 A1 02 00 FE EF FF 00
I 000000 02 80 20 0B 00 07 00 90 00 A1 02 00 FE DF FF 00
I 000000 02 80 20 0B 00 07 00 90 00 A1 02 00 FF FF FF 00
I 000000 02 80 20 0B 00 07 00 90 00 A1 02 00 FF EF FF 00
I 000000 02 80 20 0B 00 07 00 90 00 A1 02 00 FD EF FF 00
I 000000 02 80 20 0B 00 07 00 90 00 A1 02 00 FF EF FF 00
I 000000 02 80 20 0B 00 07 00 90 00 A1 02 00 00 F0 FF 00
I 000000 02 80 20 0B 00 07 00 90 00 A1 02 00 FE EF FF 00
I 000000 02 80 20 0B 00 07 00 90 00 A1 02 00 FE EF FF 00
I 000000 02 80 20 0B 00 07 00 90 00 A1 02 00 FF EF FF 00
I 000000 02 80 20 0B 00 07 00 90 00 A1 02 00 FF EF FF 00
I 000000 02 80 20 0B 00 07 00 90 00 A1 02 00 FE EF FF 00
I 000000 02 80 20 0B 00 07 00 90 00 A1 02 00 FF EF FF 00
I 000000 02 80 20 0B 00 07 00 90 00 A1 02 00 FE DF FF 00
I 000000 02 80 20 0B 00 07 00 90 00 A1 02 00 FF EF FF 00
I 000000 02 80 20 0B 00 07 00 90 00 A1 02 00 FF EF FF 00
I 000000 02 80 20 0B 00 07 00 90 00 A1 02 00 00 F0 FF 00
I 000000 02 80 20 0B 00 07 00 90 00 A1 02 00 FF EF FF 00
I 000000 02 80 20 0B 00 07 00 90 00 A1 02 00 FE DF FF 00
I 000000 02 80 20 0B 00 07 00 90 00 A1 02 00 FF EF FF 00
I 000000 02 80 20 0B 00 07 00 90 00 A1 02 00 FF FF FF 00
I 000000 02 80 20 0B 00 07 00 90 00 A1 02 00 00 F0 FF 00
I 000000 02 80 20 0B 00 07 00 90 00 A1 02 00 FF FF FF 00
I 000000 02 80 20 0B 00 07 00 90 00 A1 02 00 FF EF FF 00
I 000000 02 80 20 0B 00 07 00 90 00 A1 02 00 00 F0 FF 00
I 000000 02 80 20 0B 00 07 00 90 00 A1 02 00 FF FF FF 00
I 000000 02 80 20 0B 00 07 00 90 00 A1 02 00 00 F0 FF 00
I 000000 02 80 20 0B 00 07 00 90 00 A1 02 00 00 F0 FF 00
I 000000 02 80 20 0B 00 07 00 90 00 A1 02 00 FF FF FF 00
I 000000 02 80 20 0B 00 07 00 90 00 A1 02 01 00 00 00 00
I 000000 02 80 20 0B 00 07 00 90 00 A1 02 01 01 30 00 00
I 000000 02 80 20 0B 00 07 00 90 00 A1 02 01 03 80 00 00
I 000000 02 80 20 0B 00 07 00 90 00 A1 02 01 05 90 00 00
I 000000 02 80 20 0B 00 07 00 90 00 A1 02 01 05 B0 00 00
I 000000 02 80 20 0B 00 07 00 90 00 A1 02 01 07 B0 00 00
I 000000 02 80 20 0B 00 07 00 90 00 A1 02 01 06 B0 00 00
I 000000 02 80 20 0B 00 07 00 90 00 A1 02 01 08 E0 00 00
I 000000 02 80 20 0B 00 07 00 90 00 A1 02 01 08 C0 00 00
I 000000 02 80 20 0B 00 07 00 90 00 A1 02 01 08 E0 00 00
I 000000 02 80 20 0B 00 07 00 90 00 A1 02 01 07 C0 00 00
I 000000 02 80 20 0B 00 07 00 90 00 A1 02 01 06 D0 00 00
I 000000 02 80 20 0B 00 07 00 90 00 A1 02 01 05 D0 00 00
I 000000 02 80 20 0B 00 07 00 90 00 A1 02 01 04 00 01 00
I 000000 02 80 20 0B 00 07 00 90 00 A1 02 01 09 E0 00 00
I 000000 02 80 20 0B 00 07 00 90 00 A1 02 01 07 F0 00 00
I 000000 02 80 20 0B 00 07 00 90 00 A1 02 01 0A 00 01 00
I 000000 02 80 20 0B 00 07 00 90 00 A1 02 01 0A 10 01 00
I 000000 02 80 20 0B 00 07 00 90 00 A1 02 01 09 F0 00 00
I 000000 02 80 20 0B 00 07 00 90 00 A1 02 01 09 10 01 00
I 000000 02 80 20 0B 00 07 00 90 00 A1 02 01 0C D0 00 00
I 000000 02 80 20 0B 00 07 00 90 00 A1 02 01 07 E0 00 00
I 000000 02 80 20 0B 00 07 00 90 00 A1 02 01 08 E0 00 00
I 000000 02 80 20 0B 00 07 00 90 00 A1 02 01 06 A0 00 00
I 000000 02 80 20 0B 00 07 00 90 00 A1 02 01 07 80 00 00
I 000000 02 80 20 0B 00 07 00 90 00 A1 02 01 05 60 00 00
I 000000 02 80 20 0B 00 07 00 90 00 A1 02 01 04 50 00 00
I 000000 02 80 20 0B 00 07 00 90 00 A1 02 01 03 20 00 00
I 000000 02 80 20 0B 00 07 00 90 00 A1 02 01 02 10 00 00
I 000000 02 80 20 0B 00 07 00 90 00 A1 02 01 04 20 00 00
I 000000 02 80 20 0B 00 07 00 90 00 A1 02 01 04 30 00 00
I 000000 02 80 20 0B 00 07 00 90 00 A1 02 01 06 70 00 00
I 000000 02 80 20 0B 00 07 00 90 00 A1 02 01 07 60 00 00
I 000000 02 80 20 0B 00 07 00 90 00 A1 02 01 08 70 00 00
I 000000 02 80 20 0B 00 07 00 90 00 A1 02 01 07 70 00 00
I 000000 02 80 20 0B 00 07 00 90 00 A1 02 01 06 60 00 00
I 000000 02 80 20 0B 00 07 00 90 00 A1 02 01 06 50 00 00
I 000000 02 80 20 0B 00 07 00 90 00 A1 02 01 04 30 00 00
I 000000 02 80 20 0B 00 07 00 90 00 A1 02 01 03 20 00 00
I 000000 02 80 20 0B 00 07 00 90 00 A1 02 01 01 00 00 00
I 000000 02 80 20 0B 00 07 00 90 00 A1 02 01 00 10 00 00
I 000000 02 80 20 0B 00 07 00 90 00 A1 02 01 02 00 00 00
I 000000 02 80 20 0B 00 07 00 90 00 A1 02 01 01 10 00 00
I 000000 02 80 20 0B 00 07 00 90 00 A1 02 01 00 20 00 00
I 000000 04 01 01 00
# BT_HCI_EVT_INQUIRY_COMPLETE
I 000000 04 01 01 00
# BT_HCI_EVT_INQUIRY_COMPLETE
I 000000 02 80 20 0B 00 07 00 90 00 A1 02 00 00 00 00 00
I 000000 04 14 06 00 80 00 00 00 00
I 000000 04 14 06 00 80 00 02 24 00
I 000000 04 01 01 00
# BT_HCI_EVT_INQUIRY_COMPLETE
