# bt_hci_cmd_reset
O 000000 01 03 0C 00
I 000000 04 0E 04 05 03 0C 00
# BT_HCI_EVT_CMD_COMPLETE
# bt_hci_cmd_read_local_features
O 000000 01 03 10 00
I 000000 04 0E 0C 05 03 10 00 BF EE CD FE DB FF 7B 87
# BT_HCI_EVT_CMD_COMPLETE
# bt_hci_cmd_read_local_version_info
O 000000 01 01 10 00
I 000000 04 0E 0C 05 01 10 00 08 0E 03 08 60 00 0E 03
# BT_HCI_EVT_CMD_COMPLETE
# bt_hci_cmd_read_bd_addr
O 000000 01 09 10 00
I 000000 04 0E 0A 05 09 10 00 2E C3 E0 BD 9E 7C
# BT_HCI_EVT_CMD_COMPLETE
# local_name: BlueRetro_N64_C32E
# local_bdaddr: 7C:9E:BD:E0:C3:2E
# bt_hci_cmd_read_buffer_size
O 000000 01 05 10 00
I 000000 04 0E 0B 05 05 10 00 FD 03 FF 09 00 04 00
# BT_HCI_EVT_CMD_COMPLETE
# bt_hci_cmd_read_class_of_device
O 000000 01 23 0C 00
I 000000 04 0E 07 05 23 0C 00 00 00 00
# BT_HCI_EVT_CMD_COMPLETE
# bt_hci_cmd_read_local_name
O 000000 01 14 0C 00
I 000000 04 0E FC 05 14 0C 00 00 00 00 00 00 00 00 00 00 00 00 00 00 00 00 00 00 00 00 00 00 00 00 00 00 00 00 00 00 00 00 00 00 00 00 00 00 00 00 00 00 00 00 00 00 00 00 00 00 00 00 00 00 00 00 00 00 00 00 00 00 00 00 00 00 00 00 00 00 00 00 00 00 00 00 00 00 00 00 00 00 00 00 00 00 00 00 00 00 00 00 00 00 00 00 00 00 00 00 00 00 00 00 00 00 00 00 00 00 00 00 00 00 00 00 00 00 00 00 00 00 00 00 00 00 00 00 00 00 00 00 00 00 00 00 00 00 00 00 00 00 00 00 00 00 00 00 00 00 00 00 00 00 00 00 00 00 00 00 00 00 00 00 00 00 00 00 00 00 00 00 00 00 00 00 00 00 00 00 00 00 00 00 00 00 00 00 00 00 00 00 00 00 00 00 00 00 00 00 00 00 00 00 00 00 00 00 00 00 00 00 00 00 00 00 00 00 00 00 00 00 00 00 00 00 00 00 00 00 00 00 00 00 00 00 00 00 00 00 00 00 00 00 00 00 00 00 00
# BT_HCI_EVT_CMD_COMPLETE
# bt_hci_cmd_read_voice_setting
O 000000 01 25 0C 00
I 000000 04 0E 06 05 25 0C 00 00 00
# BT_HCI_EVT_CMD_COMPLETE
# bt_hci_cmd_read_num_supported_iac
O 000000 01 38 0C 00
I 000000 04 0E 05 05 38 0C 00 01
# BT_HCI_EVT_CMD_COMPLETE
# bt_hci_cmd_read_current_iac_lap
O 000000 01 39 0C 00
I 000000 04 0E 08 05 39 0C 00 01 33 8B 9E
# BT_HCI_EVT_CMD_COMPLETE
# bt_hci_cmd_set_event_filter
O 000000 01 05 0C 01 00
I 000000 04 0E 04 05 05 0C 00
# BT_HCI_EVT_CMD_COMPLETE
# bt_hci_cmd_write_conn_accept_timeout
O 000000 01 16 0C 02 00 7D
I 000000 04 0E 04 05 16 0C 00
# BT_HCI_EVT_CMD_COMPLETE
# bt_hci_cmd_read_supported_commands
O 000000 01 02 10 00
I 000000 04 0E 44 05 02 10 00 BF FF FF 03 CC FF EF FF 3F FF FC 1F F2 0F E8 FE 3F F7 8F FF 1C 00 04 00 61 F7 FF FF 7F 38 C0 FF 7F FF FF 0F 00 00 00 00 00 00 00 00 00 00 00 00 00 00 00 00 00 00 00 00 00 00 00 00 00 00 00 00
# BT_HCI_EVT_CMD_COMPLETE
# bt_hci_cmd_write_ssp_mode
O 000000 01 56 0C 01 01
I 000000 04 0E 04 05 56 0C 00
# BT_HCI_EVT_CMD_COMPLETE
# bt_hci_cmd_write_inquiry_mode
O 000000 01 45 0C 01 02
I 000000 04 0E 04 05 45 0C 00
# BT_HCI_EVT_CMD_COMPLETE
# bt_hci_cmd_read_inquiry_rsp_tx_pwr_lvl
O 000000 01 58 0C 00
I 000000 04 0E 05 05 58 0C 00 F4
# BT_HCI_EVT_CMD_COMPLETE
# bt_hci_cmd_read_local_ext_features
O 000000 01 04 10 01 01
I 000000 04 0E 0E 05 04 10 00 01 02 01 00 00 00 00 00 00 00
# BT_HCI_EVT_CMD_COMPLETE
# bt_hci_cmd_read_stored_link_key
O 000000 01 0D 0C 07 00 00 00 00 00 00 01
I 000000 04 0E 08 05 0D 0C 00 08 00 00 00
# BT_HCI_EVT_CMD_COMPLETE
# bt_hci_cmd_read_page_scan_activity
O 000000 01 1B 0C 00
I 000000 04 0E 08 05 1B 0C 00 00 08 12 00
# BT_HCI_EVT_CMD_COMPLETE
# bt_hci_cmd_read_page_scan_type
O 000000 01 46 0C 00
I 000000 04 0E 05 05 46 0C 00 00
# BT_HCI_EVT_CMD_COMPLETE
# bt_hci_cmd_write_le_host_supp
O 000000 01 6D 0C 02 01 00
I 000000 04 0E 04 05 6D 0C 00
# BT_HCI_EVT_CMD_COMPLETE
# bt_hci_cmd_le_read_wl_size
O 000000 01 0F 20 00
I 000000 04 0E 05 05 0F 20 00 0C
# BT_HCI_EVT_CMD_COMPLETE
# bt_hci_cmd_le_clear_wl
O 000000 01 10 20 00
I 000000 04 0E 04 05 10 20 00
# BT_HCI_EVT_CMD_COMPLETE
# bt_hci_cmd_le_add_dev_to_wl
O 000000 01 11 20 07 00 20 A4 52 22 16 44
I 000000 04 0E 04 05 11 20 00
# BT_HCI_EVT_CMD_COMPLETE
# bt_hci_cmd_le_add_dev_to_wl
O 000000 01 11 20 07 00 B7 58 96 5F C6 EE
I 000000 04 0E 04 05 11 20 00
# BT_HCI_EVT_CMD_COMPLETE
# bt_hci_cmd_delete_stored_link_key
O 000000 01 12 0C 07 00 00 00 00 00 00 01
I 000000 04 0E 06 05 12 0C 00 00 00
# BT_HCI_EVT_CMD_COMPLETE
# bt_hci_cmd_write_class_of_device
O 000000 01 24 0C 03 0C 01 1C
I 000000 04 0E 04 05 24 0C 00
# BT_HCI_EVT_CMD_COMPLETE
# bt_hci_cmd_write_local_name
O 000000 01 13 0C F8 42 6C 75 65 52 65 74 72 6F 20 41 64 61 70 74 65 72 00 00 00 00 00 00 00 00 00 00 00 00 00 00 00 00 00 00 00 00 00 00 00 00 00 00 00 00 00 00 00 00 00 00 00 00 00 00 00 00 00 00 00 00 00 00 00 00 00 00 00 00 00 00 00 00 00 00 00 00 00 00 00 00 00 00 00 00 00 00 00 00 00 00 00 00 00 00 00 00 00 00 00 00 00 00 00 00 00 00 00 00 00 00 00 00 00 00 00 00 00 00 00 00 00 00 00 00 00 00 00 00 00 00 00 00 00 00 00 00 00 00 00 00 00 00 00 00 00 00 00 00 00 00 00 00 00 00 00 00 00 00 00 00 00 00 00 00 00 00 00 00 00 00 00 00 00 00 00 00 00 00 00 00 00 00 00 00 00 00 00 00 00 00 00 00 00 00 00 00 00 00 00 00 00 00 00 00 00 00 00 00 00 00 00 00 00 00 00 00 00 00 00 00 00 00 00 00 00 00 00 00 00 00 00 00 00 00 00 00 00 00 00 00 00 00 00 00 00 00 00
I 000000 04 0E 04 05 13 0C 00
# BT_HCI_EVT_CMD_COMPLETE
# bt_hci_cmd_set_event_filter
O 000000 01 05 0C 08 01 01 00 05 00 00 1F 00
I 000000 04 0E 04 05 05 0C 00
# BT_HCI_EVT_CMD_COMPLETE
# bt_hci_cmd_set_event_filter
O 000000 01 05 0C 09 02 01 00 05 00 00 1F 00 01
I 000000 04 0E 04 05 05 0C 00
# BT_HCI_EVT_CMD_COMPLETE
# bt_hci_cmd_write_auth_enable
O 000000 01 20 0C 01 00
I 000000 04 0E 04 05 20 0C 00
# BT_HCI_EVT_CMD_COMPLETE
# bt_hci_cmd_set_event_mask
O 000000 01 01 0C 08 FF FF FB FF 07 F8 BF 3D
I 000000 04 0E 04 05 01 0C 00
# BT_HCI_EVT_CMD_COMPLETE
# bt_hci_cmd_write_page_scan_activity
O 000000 01 1C 0C 04 50 00 12 00
I 000000 04 0E 04 05 1C 0C 00
# BT_HCI_EVT_CMD_COMPLETE
# bt_hci_cmd_write_inquiry_scan_activity
O 000000 01 1E 0C 04 50 00 12 00
I 000000 04 0E 04 05 1E 0C 00
# BT_HCI_EVT_CMD_COMPLETE
# bt_hci_cmd_write_page_scan_type
O 000000 01 47 0C 01 01
I 000000 04 0E 04 05 47 0C 00
# BT_HCI_EVT_CMD_COMPLETE
# bt_hci_cmd_write_page_scan_timeout
O 000000 01 18 0C 02 00 20
I 000000 04 0E 04 05 18 0C 00
# BT_HCI_EVT_CMD_COMPLETE
# bt_hci_cmd_write_hold_mode_act
O 000000 01 2C 0C 01 00
I 000000 04 0E 04 05 2C 0C 01
# BT_HCI_EVT_CMD_COMPLETE
# bt_hci_cmd_write_scan_enable
O 000000 01 1A 0C 01 02
I 000000 04 0E 04 05 1A 0C 00
# BT_HCI_EVT_CMD_COMPLETE
# bt_hci_cmd_write_default_link_policy
O 000000 01 0F 08 02 0F 00
I 000000 04 0E 04 05 0F 08 00
# BT_HCI_EVT_CMD_COMPLETE
# bt_hci_cmd_le_read_buffer_size
O 000000 01 02 20 00
I 000000 04 0E 07 05 02 20 00 FB 00 0A
# BT_HCI_EVT_CMD_COMPLETE
# bt_att_set_le_max_mtu 247
# bt_hci_cmd_le_set_adv_param
O 000000 01 06 20 0F A0 00 A0 00 00 00 00 00 00 00 00 00 00 07 00
I 000000 04 0E 04 05 06 20 00
# BT_HCI_EVT_CMD_COMPLETE
# bt_hci_cmd_le_set_adv_data
O 000000 01 08 20 20 1B 02 01 06 03 02 0F 18 13 09 42 6C 75 65 52 65 74 72 6F 5F 4E 36 34 5F 43 33 32 45 00 00 00 00
I 000000 04 0E 04 05 08 20 00
# BT_HCI_EVT_CMD_COMPLETE
# bt_hci_cmd_le_set_scan_rsp_data
O 000000 01 09 20 20 12 11 07 56 9A 79 76 A1 2F 4B 31 B0 FA 80 51 56 0F 83 00 00 00 00 00 00 00 00 00 00 00 00 00 00
I 000000 04 0E 04 05 09 20 00
# BT_HCI_EVT_CMD_COMPLETE
# bt_hci_cmd_le_set_adv_enable
O 000000 01 0A 20 01 01
I 000000 04 0E 04 05 0A 20 00
# BT_HCI_EVT_CMD_COMPLETE
# bt_hci_cmd_le_set_scan_enable
# bt_hci_cmd_le_set_scan_param_active
# bt_hci_cmd_le_set_scan_enable
# bt_hci_cmd_periodic_inquiry
O 000000 01 0C 20 02 00 01
I 000000 04 0E 04 05 0C 20 0C
# BT_HCI_EVT_CMD_COMPLETE
# opcode: 0x200C error: 0x0C retry: 0
# bt_hci_cmd_le_set_scan_enable
# bt_hci_cmd_le_set_scan_param_active
# bt_hci_cmd_le_set_scan_enable
# bt_hci_cmd_periodic_inquiry
O 000000 01 0B 20 07 01 24 00 12 00 00 00
I 000000 04 0E 04 05 0B 20 00
# BT_HCI_EVT_CMD_COMPLETE
O 000000 01 0C 20 02 01 01
I 000000 04 0E 04 05 0C 20 00
# BT_HCI_EVT_CMD_COMPLETE
O 000000 01 03 04 09 0A 00 08 00 33 8B 9E 03 FF
I 000000 04 0E 04 05 03 04 00
# BT_HCI_EVT_CMD_COMPLETE
O 000000 01 0C 20 02 00 01
I 000000 04 0E 04 05 0C 20 00
# BT_HCI_EVT_CMD_COMPLETE
O 000000 01 0B 20 07 01 24 00 12 00 00 00
I 000000 04 0E 04 05 0B 20 00
# BT_HCI_EVT_CMD_COMPLETE
O 000000 01 0C 20 02 01 01
O 000000 01 03 04 09 0A 00 08 00 33 8B 9E 03 FF
I 000000 04 0E 04 04 03 04 0C
# BT_HCI_EVT_CMD_COMPLETE
# opcode: 0x0403 error: 0x0C retry: 0
I 000000 04 0E 04 05 0C 20 00
# BT_HCI_EVT_CMD_COMPLETE
I 000000 04 3E 1B 02 01 03 01 31 4A 8A AC FF 14 0F 02 01 1A 0B FF 4C 00 09 06 03 04 C0 A8 01 08 AE
# BT_HCI_EVT_LE_ADVERTISING_REPORT
# mc_restore: restore sucessful!
I 000000 04 3E 28 02 01 02 01 AA 32 1B 01 0A 5C 1C 03 03 9F FE 17 16 9F FE 00 00 00 00 00 00 00 00 00 00 00 00 00 00 00 00 00 00 00 00 C5
# BT_HCI_EVT_LE_ADVERTISING_REPORT
I 000000 04 3E 16 02 01 04 01 AA 32 1B 01 0A 5C 0A 09 FF E0 00 56 CB CA 82 5B 44 C6
# BT_HCI_EVT_LE_ADVERTISING_REPORT
I 000000 04 3E 1B 02 01 03 01 87 4D B4 2E D2 28 0F 02 01 1A 0B FF 4C 00 09 06 03 C7 C0 A8 56 D5 D0
# BT_HCI_EVT_LE_ADVERTISING_REPORT
I 000000 04 3E 28 02 01 02 01 5C 83 79 58 E7 40 1C 03 03 9F FE 17 16 9F FE 00 00 00 00 00 00 00 00 00 00 00 00 00 00 00 00 00 00 00 00 C7
# BT_HCI_EVT_LE_ADVERTISING_REPORT
I 000000 04 3E 16 02 01 04 01 5C 83 79 58 E7 40 0A 09 FF E0 00 56 19 CA 90 F4 40 C7
# BT_HCI_EVT_LE_ADVERTISING_REPORT
I 000000 04 3E 1D 02 01 00 00 36 12 57 EC B3 F0 11 02 01 1A 02 0A 04 0A FF 4C 00 10 05 01 10 F2 88 78 D1
# BT_HCI_EVT_LE_ADVERTISING_REPORT
I 000000 04 3E 0C 02 01 04 00 36 12 57 EC B3 F0 00 D1
# BT_HCI_EVT_LE_ADVERTISING_REPORT
I 000000 04 3E 28 02 01 02 01 AA 6E 50 67 66 65 1C 03 03 9F FE 17 16 9F FE 00 00 00 00 00 00 00 00 00 00 00 00 00 00 00 00 00 00 00 00 9E
# BT_HCI_EVT_LE_ADVERTISING_REPORT
I 000000 04 3E 29 02 01 00 01 54 DC 96 AA D0 71 1D 02 01 1A 09 FF C4 00 1C 33 15 13 17 80 02 0A D4 03 03 B9 FE 08 1B 00 99 3B D4 86 2F 40 A5
# BT_HCI_EVT_LE_ADVERTISING_REPORT
I 000000 04 3E 1A 02 01 04 01 54 DC 96 AA D0 71 0E 0A 09 50 C3 A9 70 69 6E 20 54 56 02 0A D4 A6
# BT_HCI_EVT_LE_ADVERTISING_REPORT
I 000000 04 3E 28 02 01 02 01 1C 2A DB C9 39 59 1C 03 03 9F FE 17 16 9F FE 00 00 00 00 00 00 00 00 00 00 00 00 00 00 00 00 00 00 00 00 A4
# BT_HCI_EVT_LE_ADVERTISING_REPORT
I 000000 04 3E 2B 02 01 03 01 9C 99 31 72 79 7E 1F 1E FF 06 00 01 09 20 02 E6 C1 09 72 57 6B 69 75 D5 62 24 19 E3 03 9A EA E9 BB 6C 48 7B 35 30 BC
# BT_HCI_EVT_LE_ADVERTISING_REPORT
I 000000 04 3E 1D 02 01 00 00 20 A3 69 CD 69 C8 11 02 01 1A 02 0A 0C 0A FF 4C 00 10 05 09 14 23 39 7C A4
# BT_HCI_EVT_LE_ADVERTISING_REPORT
I 000000 04 3E 0C 02 01 04 00 20 A3 69 CD 69 C8 00 A2
# BT_HCI_EVT_LE_ADVERTISING_REPORT
I 000000 04 3E 16 02 01 04 01 1C 2A DB C9 39 59 0A 09 FF E0 00 32 AE CA 32 83 3D A3
# BT_HCI_EVT_LE_ADVERTISING_REPORT
I 000000 04 3E 28 02 01 02 01 AD F4 4D 9C E6 70 1C 03 03 9F FE 17 16 9F FE 00 00 00 00 00 00 00 00 00 00 00 00 00 00 00 00 00 00 00 00 BD
# BT_HCI_EVT_LE_ADVERTISING_REPORT
I 000000 04 3E 16 02 01 04 01 AD F4 4D 9C E6 70 0A 09 FF E0 00 56 A8 CA 87 56 E9 BD
# BT_HCI_EVT_LE_ADVERTISING_REPORT
I 000000 04 3E 2B 02 01 03 01 4D 05 E4 E5 16 0F 1F 1E FF 06 00 01 0F 20 02 A2 E4 74 0E CB 6B 34 75 27 03 BF 5E 34 B0 C8 B6 1F 42 0D D8 07 FD 7E CE
# BT_HCI_EVT_LE_ADVERTISING_REPORT
I 000000 04 01 01 00
# BT_HCI_EVT_INQUIRY_COMPLETE
I 000000 04 3E 1D 02 01 00 01 7C 90 38 2C F0 5C 11 02 01 1A 02 0A 0C 0A FF 4C 00 10 05 41 1C 7C 69 47 AB
# BT_HCI_EVT_LE_ADVERTISING_REPORT
I 000000 04 3E 0C 02 01 04 01 7C 90 38 2C F0 5C 00 AA
# BT_HCI_EVT_LE_ADVERTISING_REPORT
I 000000 04 3E 1B 02 01 00 00 DB A6 EA CD 69 C8 0F 02 01 1A 0B FF 4C 00 09 06 03 26 00 00 00 00 A9
# BT_HCI_EVT_LE_ADVERTISING_REPORT
I 000000 04 3E 0C 02 01 04 00 DB A6 EA CD 69 C8 00 A7
# BT_HCI_EVT_LE_ADVERTISING_REPORT
I 000000 04 3E 28 02 01 02 01 3E 3A 97 AF EC 6A 1C 03 03 9F FE 17 16 9F FE 00 00 00 00 00 00 00 00 00 00 00 00 00 00 00 00 00 00 00 00 AE
# BT_HCI_EVT_LE_ADVERTISING_REPORT
I 000000 04 3E 16 02 01 04 01 3E 3A 97 AF EC 6A 0A 09 FF E0 00 56 17 CA 55 5C 71 AE
# BT_HCI_EVT_LE_ADVERTISING_REPORT
I 000000 04 3E 16 02 01 04 01 AA 6E 50 67 66 65 0A 09 FF E0 00 32 0E CA 6D 88 03 A4
# BT_HCI_EVT_LE_ADVERTISING_REPORT
I 000000 04 3E 28 02 01 02 01 97 F3 57 14 6B 54 1C 03 03 9F FE 17 16 9F FE 00 00 00 00 00 00 00 00 00 00 00 00 00 00 00 00 00 00 00 00 A2
# BT_HCI_EVT_LE_ADVERTISING_REPORT
I 000000 04 3E 16 02 01 04 01 97 F3 57 14 6B 54 0A 09 FF E0 00 00 70 CA 7A C1 17 A4
# BT_HCI_EVT_LE_ADVERTISING_REPORT
I 000000 04 3E 19 02 01 00 01 10 3C B4 EB A9 46 0D 02 01 02 03 03 50 FE 05 16 50 FE EA 1A BC
# BT_HCI_EVT_LE_ADVERTISING_REPORT
I 000000 04 3E 0C 02 01 04 01 10 3C B4 EB A9 46 00 BD
# BT_HCI_EVT_LE_ADVERTISING_REPORT
I 000000 04 3E 28 02 01 02 01 B7 E4 57 15 26 40 1C 03 03 9F FE 17 16 9F FE 02 6C 4C 4D 70 57 6F 44 5A 44 4E 55 00 00 01 86 BE BB 6E DE 9A
# BT_HCI_EVT_LE_ADVERTISING_REPORT
I 000000 04 3E 1E 02 01 00 01 BB 9E 3D 31 F7 78 12 02 01 1A 02 0A 08 0B FF 4C 00 10 06 23 1E AB 5E 52 A4 9D
# BT_HCI_EVT_LE_ADVERTISING_REPORT
I 000000 04 3E 1F 02 01 00 01 D1 21 05 4F 71 4E 13 02 01 1A 02 0A 08 0C FF 4C 00 10 07 33 1B 4B 8D E1 EA 28 A3
# BT_HCI_EVT_LE_ADVERTISING_REPORT
I 000000 04 3E 0C 02 01 04 01 D1 21 05 4F 71 4E 00 A3
# BT_HCI_EVT_LE_ADVERTISING_REPORT
I 000000 04 01 01 00
# BT_HCI_EVT_INQUIRY_COMPLETE
I 000000 04 3E 19 02 01 00 01 EA 87 FC F2 4B 56 0D 02 01 02 03 03 50 FE 05 16 50 FE EA 1A C1
# BT_HCI_EVT_LE_ADVERTISING_REPORT
I 000000 04 3E 0C 02 01 04 01 EA 87 FC F2 4B 56 00 C1
# BT_HCI_EVT_LE_ADVERTISING_REPORT
I 000000 04 01 01 00
# BT_HCI_EVT_INQUIRY_COMPLETE
I 000000 04 01 01 00
# BT_HCI_EVT_INQUIRY_COMPLETE
I 000000 04 3E 2B 02 01 03 01 7C 7A 38 07 CC 5C 1F 1E FF 06 00 01 09 20 02 2A 5F DC E0 55 0F 04 D7 7F 37 42 44 ED 10 D1 9F 48 7A CF 6E 53 CF 30 BB
# BT_HCI_EVT_LE_ADVERTISING_REPORT
I 000000 04 3E 0C 02 01 04 01 BB 9E 3D 31 F7 78 00 A1
# BT_HCI_EVT_LE_ADVERTISING_REPORT
I 000000 04 01 01 00
# BT_HCI_EVT_INQUIRY_COMPLETE
I 000000 04 2F FF 01 48 9E 5F E9 B6 98 02 00 08 25 00 DC 70 D3 0F 09 4E 36 34 20 43 6F 6E 74 72 6F 6C 6C 65 72 00 00 00 00 00 00 00 00 00 00 00 00 00 00 00 00 00 00 00 00 00 00 00 00 00 00 00 00 00 00 00 00 00 00 00 00 00 00 00 00 00 00 00 00 00 00 00 00 00 00 00 00 00 00 00 00 00 00 00 00 00 00 00 00 00 00 00 00 00 00 00 00 00 00 00 00 00 00 00 00 00 00 00 00 00 00 00 00 00 00 00 00 00 00 00 00 00 00 00 00 00 00 00 00 00 00 00 00 00 00 00 00 00 00 00 00 00 00 00 00 00 00 00 00 00 00 00 00 00 00 00 00 00 00 00 00 00 00 00 00 00 00 00 00 00 00 00 00 00 00 00 00 00 00 00 00 00 00 00 00 00 00 00 00 00 00 00 00 00 00 00 00 00 00 00 00 00 00 00 00 00 00 00 00 00 00 00 00 00 00 00 00 00 00 00 00 00 00 00 00 00 00 00 00 00 00 00 00 00 00 00 00 00 00 00 00 00 00 00 00 00 00 00 00
# BT_HCI_EVT_INQUIRY_RESULT
# Number of responce: 1
# bt_hci_cmd_connect
# Inquiry dev: 0 type: 0 bdaddr: 98:B6:E9:5F:9E:48
O 000000 01 05 04 0D 48 9E 5F E9 B6 98 18 CC 00 00 00 00 01
I 000000 04 0F 04 00 05 05 04
# BT_HCI_EVT_CMD_STATUS
I 000000 04 2F FF 01 48 9E 5F E9 B6 98 02 00 08 25 00 DB 70 D6 0F 09 4E 36 34 20 43 6F 6E 74 72 6F 6C 6C 65 72 00 00 00 00 00 00 00 00 00 00 00 00 00 00 00 00 00 00 00 00 00 00 00 00 00 00 00 00 00 00 00 00 00 00 00 00 00 00 00 00 00 00 00 00 00 00 00 00 00 00 00 00 00 00 00 00 00 00 00 00 00 00 00 00 00 00 00 00 00 00 00 00 00 00 00 00 00 00 00 00 00 00 00 00 00 00 00 00 00 00 00 00 00 00 00 00 00 00 00 00 00 00 00 00 00 00 00 00 00 00 00 00 00 00 00 00 00 00 00 00 00 00 00 00 00 00 00 00 00 00 00 00 00 00 00 00 00 00 00 00 00 00 00 00 00 00 00 00 00 00 00 00 00 00 00 00 00 00 00 00 00 00 00 00 00 00 00 00 00 00 00 00 00 00 00 00 00 00 00 00 00 00 00 00 00 00 00 00 00 00 00 00 00 00 00 00 00 00 00 00 00 00 00 00 00 00 00 00 00 00 00 00 00 00 00 00 00 00 00 00 00 00 00 00
# BT_HCI_EVT_INQUIRY_RESULT
# Number of responce: 1
I 000000 04 03 0B 00 81 00 48 9E 5F E9 B6 98 01 00
# BT_HCI_EVT_CONN_COMPLETE
# dev: 0 acl_handle: 0x0081
# bt_hci_cmd_le_set_adv_disable
# bt_hci_cmd_remote_name_request
O 000000 01 0A 20 01 00
I 000000 04 0E 04 05 0A 20 00
# BT_HCI_EVT_CMD_COMPLETE
O 000000 01 19 04 0A 48 9E 5F E9 B6 98 01 00 00 00
I 000000 04 0F 04 00 05 19 04
# BT_HCI_EVT_CMD_STATUS
I 000000 04 1B 03 81 00 05
I 000000 04 07 FF 00 48 9E 5F E9 B6 98 4E 36 34 20 43 6F 6E 74 72 6F 6C 6C 65 72 00 00 00 00 00 00 00 00 00 00 00 00 00 00 00 00 00 00 00 00 00 00 00 00 00 00 00 00 00 00 00 00 00 00 00 00 00 00 00 00 00 00 00 00 00 00 00 00 00 00 00 00 00 00 00 00 00 00 00 00 00 00 00 00 00 00 00 00 00 00 00 00 00 00 00 00 00 00 00 00 00 00 00 00 00 00 00 00 00 00 00 00 00 00 00 00 00 00 00 00 00 00 00 00 00 00 00 00 00 00 00 00 00 00 00 00 00 00 00 00 00 00 00 00 00 00 00 00 00 00 00 00 00 00 00 00 00 00 00 00 00 00 00 00 00 00 00 00 00 00 00 00 00 00 00 00 00 00 00 00 00 00 00 00 00 00 00 00 00 00 00 00 00 00 00 00 00 00 00 00 00 00 00 00 00 00 00 00 00 00 00 00 00 00 00 00 00 00 00 00 00 00 00 00 00 00 00 00 00 00 00 00 00 00 00 00 00 00 00 00 00 00 00 00 00 00 00 00 00 00 00 00 00 00
# BT_HCI_EVT_REMOTE_NAME_REQ_COMPLETE:
# bt_type_update: dev: 0 type: 5 subtype: 15
# bt_hci_cmd_exit_periodic_inquiry
# bt_hci_cmd_le_set_scan_enable
# bt_hci_cmd_le_set_scan_param_passive
# bt_hci_cmd_le_set_scan_enable
O 000000 01 04 04 00
# bt_hci_cmd_read_remote_features
# bt_hci_cmd_auth_requested
# dev: 0 type: 5:15 N64 Controller
I 000000 04 0E 04 05 04 04 00
# BT_HCI_EVT_CMD_COMPLETE
O 000000 01 0C 20 02 00 01
I 000000 04 0E 04 05 0C 20 00
# BT_HCI_EVT_CMD_COMPLETE
O 000000 01 0B 20 07 00 00 04 12 00 00 01
I 000000 04 0E 04 05 0B 20 00
# BT_HCI_EVT_CMD_COMPLETE
O 000000 01 0C 20 02 01 01
I 000000 04 0E 04 05 0C 20 00
# BT_HCI_EVT_CMD_COMPLETE
O 000000 01 1B 04 02 81 00
I 000000 04 0F 04 00 05 1B 04
# BT_HCI_EVT_CMD_STATUS
I 000000 04 0B 0B 00 81 00 BF FE 8D FA C8 2D 79 83
# BT_HCI_EVT_REMOTE_FEATURES
# bt_hci_cmd_read_remote_ext_features
# bt_l2cap_cmd_ext_feat_mask_req
O 000000 01 11 04 02 81 00
I 000000 04 0F 04 00 05 11 04
# BT_HCI_EVT_CMD_STATUS
I 000000 04 17 06 48 9E 5F E9 B6 98
# BT_HCI_EVT_LINK_KEY_REQ
# bt_hci_cmd_link_key_neg_reply
O 000000 01 1C 04 03 81 00 01
I 000000 04 0F 04 00 05 1C 04
# BT_HCI_EVT_CMD_STATUS
O 000000 02 81 20 0A 00 06 00 01 00 0A 00 02 00 02 00
O 000000 01 0C 04 06 48 9E 5F E9 B6 98
I 000000 04 0E 0A 05 0C 04 00 48 9E 5F E9 B6 98
# BT_HCI_EVT_CMD_COMPLETE
I 000000 04 31 06 48 9E 5F E9 B6 98
# BT_HCI_EVT_IO_CAPA_REQ
# bt_hci_cmd_io_capability_reply
O 000000 01 2B 04 09 48 9E 5F E9 B6 98 03 00 00
I 000000 04 0E 0A 05 2B 04 00 48 9E 5F E9 B6 98
# BT_HCI_EVT_CMD_COMPLETE
I 000000 04 13 05 01 81 00 01 00
I 000000 02 81 20 10 00 0C 00 01 00 0B 00 08 00 02 00 00 00 80 02 00 00
# BT_L2CAP_INFO_RSP
I 000000 04 32 09 48 9E 5F E9 B6 98 03 00 04
I 000000 04 33 0A 48 9E 5F E9 B6 98 72 C0 08 00
# BT_HCI_EVT_USER_CONFIRM_REQ
# bt_hci_cmd_user_confirm_reply
O 000000 01 2C 04 06 48 9E 5F E9 B6 98
I 000000 04 0E 0A 05 2C 04 00 48 9E 5F E9 B6 98
# BT_HCI_EVT_CMD_COMPLETE
I 000000 04 36 07 00 48 9E 5F E9 B6 98
I 000000 04 18 17 48 9E 5F E9 B6 98 09 15 A7 0A 40 82 BE F2 A7 1A 49 49 09 B9 90 7D 04
# BT_HCI_EVT_LINK_KEY_NOTIFY
I 000000 04 06 03 00 81 00
# BT_HCI_EVT_AUTH_COMPLETE
# dev: 0 Pairing done
# bt_hci_cmd_set_conn_encrypt
# bt_l2cap_cmd_hid_ctrl_conn_req
O 000000 01 13 04 03 81 00 01
I 000000 04 0F 04 00 05 13 04
# BT_HCI_EVT_CMD_STATUS
O 000000 02 81 20 0C 00 08 00 01 00 02 01 04 00 11 00 80 00
I 000000 04 13 05 01 81 00 01 00
I 000000 04 23 0D 00 81 00 01 01 01 00 00 00 00 00 00 00
# BT_HCI_EVT_REMOTE_EXT_FEATURES
I 000000 02 81 20 10 00 0C 00 01 00 03 01 08 00 40 00 80 00 00 00 00 00
# BT_L2CAP_CONN_RSP
O 000000 02 81 20 0C 00 08 00 01 00 04 02 04 00 40 00 00 00
I 000000 02 81 20 10 00 0C 00 01 00 04 01 08 00 80 00 00 00 01 02 A0 02
# BT_L2CAP_CONF_REQ
O 000000 02 81 20 12 00 0E 00 01 00 05 01 0A 00 40 00 00 00 00 00 01 02 A0 02
I 000000 04 08 04 00 81 00 01
# BT_HCI_EVT_ENCRYPT_CHANGE
I 000000 04 13 05 01 81 00 01 00
I 000000 04 13 05 01 81 00 01 00
I 000000 02 81 20 0E 00 0A 00 01 00 05 02 06 00 80 00 00 00 00 00
# BT_L2CAP_CONF_RSP
# bt_l2cap_cmd_hid_intr_conn_req
O 000000 02 81 20 0C 00 08 00 01 00 02 03 04 00 13 00 90 00
I 000000 04 13 05 01 81 00 01 00
I 000000 02 81 20 10 00 0C 00 01 00 03 03 08 00 41 00 90 00 00 00 00 00
# BT_L2CAP_CONN_RSP
O 000000 02 81 20 0C 00 08 00 01 00 04 04 04 00 41 00 00 00
I 000000 02 81 20 10 00 0C 00 01 00 04 02 08 00 90 00 00 00 01 02 A0 02
# BT_L2CAP_CONF_REQ
I 000000 04 13 05 01 81 00 01 00
O 000000 02 81 20 12 00 0E 00 01 00 05 02 0A 00 41 00 00 00 00 00 01 02 A0 02
I 000000 02 81 20 0E 00 0A 00 01 00 05 04 06 00 90 00 00 00 00 00
# BT_L2CAP_CONF_RSP
# bt_hid_sw_init
I 000000 04 13 05 01 81 00 01 00
O 000000 02 81 20 36 00 32 00 41 00 A2 01 00 00 00 00 00 00 00 00 00 30 01 00 00 00 00 00 00 00 00 00 00 00 00 00 00 00 00 00 00 00 00 00 00 00 00 00 00 00 00 00 00 00 00 00 00 00 00 00
I 000000 04 13 05 01 81 00 01 00
I 000000 02 81 20 11 00 0D 00 90 00 A1 3F 00 00 0F 00 80 00 80 00 80 00 80
# bt_type_update: dev: 0 type: 5 subtype: 15
I 000000 04 1B 03 81 00 01
I 000000 02 81 20 11 00 0D 00 90 00 A1 3F 00 00 0F 00 80 00 80 00 80 00 80
I 000000 02 81 20 11 00 0D 00 90 00 A1 3F 00 00 0F 00 80 00 80 00 80 00 80
I 000000 04 14 06 00 81 00 02 0A 00
I 000000 02 81 20 11 00 0D 00 90 00 A1 3F 00 00 0F 00 80 00 80 00 80 00 80
I 000000 02 81 20 11 00 0D 00 90 00 A1 3F 00 00 0F 00 80 00 80 00 80 00 80
I 000000 02 81 20 11 00 0D 00 90 00 A1 3F 00 00 0F 00 80 00 80 00 80 00 80
I 000000 02 81 20 11 00 0D 00 90 00 A1 3F 01 00 0F 00 80 00 80 00 80 00 80
I 000000 02 81 20 11 00 0D 00 90 00 A1 3F 01 00 0F 00 80 00 80 00 80 00 80
I 000000 02 81 20 11 00 0D 00 90 00 A1 3F 01 00 0F 00 80 00 80 00 80 00 80
I 000000 02 81 20 11 00 0D 00 90 00 A1 3F 01 00 0F 00 80 00 80 00 80 00 80
I 000000 02 81 20 11 00 0D 00 90 00 A1 3F 01 00 0F 00 80 00 80 00 80 00 80
I 000000 02 81 20 11 00 0D 00 90 00 A1 3F 01 00 0F 00 80 00 80 00 80 00 80
I 000000 02 81 20 11 00 0D 00 90 00 A1 3F 00 00 0F 00 80 00 80 00 80 00 80
I 000000 02 81 20 11 00 0D 00 90 00 A1 3F 00 00 0F 00 80 00 80 00 80 00 80
I 000000 02 81 20 11 00 0D 00 90 00 A1 3F 00 00 0F 00 80 00 80 00 80 00 80
I 000000 02 81 20 11 00 0D 00 90 00 A1 3F 00 00 0F 00 80 00 80 00 80 00 80
I 000000 02 81 20 11 00 0D 00 90 00 A1 3F 00 00 0F 00 80 00 80 00 80 00 80
I 000000 02 81 20 11 00 0D 00 90 00 A1 3F 00 00 0F 00 80 00 80 00 80 00 80
I 000000 02 81 20 11 00 0D 00 90 00 A1 3F 01 00 0F 00 80 00 80 00 80 00 80
I 000000 02 81 20 11 00 0D 00 90 00 A1 3F 01 00 0F 00 80 00 80 00 80 00 80
I 000000 02 81 20 11 00 0D 00 90 00 A1 3F 01 00 0F 00 80 00 80 00 80 00 80
I 000000 02 81 20 11 00 0D 00 90 00 A1 3F 01 00 0F 00 80 00 80 00 80 00 80
I 000000 02 81 20 11 00 0D 00 90 00 A1 3F 01 00 0F 00 80 00 80 00 80 00 80
I 000000 02 81 20 11 00 0D 00 90 00 A1 3F 01 00 0F 00 80 00 80 00 80 00 80
I 000000 02 81 20 11 00 0D 00 90 00 A1 3F 00 00 0F 00 80 00 80 00 80 00 80
I 000000 02 81 20 11 00 0D 00 90 00 A1 3F 00 00 0F 00 80 00 80 00 80 00 80
I 000000 02 81 20 11 00 0D 00 90 00 A1 3F 00 00 0F 00 80 00 80 00 80 00 80
I 000000 02 81 20 11 00 0D 00 90 00 A1 3F 00 00 0F 00 80 00 80 00 80 00 80
I 000000 02 81 20 11 00 0D 00 90 00 A1 3F 00 00 0F 00 80 00 80 00 80 00 80
I 000000 02 81 20 11 00 0D 00 90 00 A1 3F 00 00 0F 00 80 00 80 00 80 00 80
I 000000 02 81 20 11 00 0D 00 90 00 A1 3F 01 00 0F 00 80 00 80 00 80 00 80
I 000000 02 81 20 11 00 0D 00 90 00 A1 3F 01 00 0F 00 80 00 80 00 80 00 80
I 000000 02 81 20 11 00 0D 00 90 00 A1 3F 01 00 0F 00 80 00 80 00 80 00 80
I 000000 02 81 20 11 00 0D 00 90 00 A1 3F 01 00 0F 00 80 00 80 00 80 00 80
I 000000 02 81 20 11 00 0D 00 90 00 A1 3F 01 00 0F 00 80 00 80 00 80 00 80
I 000000 02 81 20 11 00 0D 00 90 00 A1 3F 01 00 0F 00 80 00 80 00 80 00 80
I 000000 02 81 20 11 00 0D 00 90 00 A1 3F 00 00 0F 00 80 00 80 00 80 00 80
I 000000 02 81 20 11 00 0D 00 90 00 A1 3F 00 00 0F 00 80 00 80 00 80 00 80
I 000000 02 81 20 11 00 0D 00 90 00 A1 3F 00 00 0F 00 80 00 80 00 80 00 80
I 000000 02 81 20 11 00 0D 00 90 00 A1 3F 00 00 0F 00 80 00 80 00 80 00 80
I 000000 02 81 20 11 00 0D 00 90 00 A1 3F 00 00 0F 00 80 00 80 00 80 00 80
I 000000 02 81 20 11 00 0D 00 90 00 A1 3F 00 00 0F 00 80 00 80 00 80 00 80
I 000000 02 81 20 11 00 0D 00 90 00 A1 3F 01 00 0F 00 80 00 80 00 80 00 80
I 000000 02 81 20 11 00 0D 00 90 00 A1 3F 01 00 0F 00 80 00 80 00 80 00 80
I 000000 02 81 20 11 00 0D 00 90 00 A1 3F 01 00 0F 00 80 00 80 00 80 00 80
I 000000 02 81 20 11 00 0D 00 90 00 A1 3F 01 00 0F 00 80 00 80 00 80 00 80
I 000000 02 81 20 11 00 0D 00 90 00 A1 3F 01 00 0F 00 80 00 80 00 80 00 80
I 000000 02 81 20 11 00 0D 00 90 00 A1 3F 01 00 0F 00 80 00 80 00 80 00 80
I 000000 02 81 20 11 00 0D 00 90 00 A1 3F 00 00 0F 00 80 00 80 00 80 00 80
I 000000 02 81 20 11 00 0D 00 90 00 A1 3F 00 00 0F 00 80 00 80 00 80 00 80
I 000000 02 81 20 11 00 0D 00 90 00 A1 3F 00 00 0F 00 80 00 80 00 80 00 80
I 000000 02 81 20 11 00 0D 00 90 00 A1 3F 00 00 0F 00 80 00 80 00 80 00 80
I 000000 02 81 20 11 00 0D 00 90 00 A1 3F 00 00 0F 00 80 00 80 00 80 00 80
I 000000 02 81 20 11 00 0D 00 90 00 A1 3F 00 00 0F 00 80 00 80 00 80 00 80
I 000000 02 81 20 11 00 0D 00 90 00 A1 3F 01 00 0F 00 80 00 80 00 80 00 80
I 000000 02 81 20 11 00 0D 00 90 00 A1 3F 01 00 0F 00 80 00 80 00 80 00 80
I 000000 02 81 20 11 00 0D 00 90 00 A1 3F 01 00 0F 00 80 00 80 00 80 00 80
I 000000 02 81 20 11 00 0D 00 90 00 A1 3F 01 00 0F 00 80 00 80 00 80 00 80
I 000000 02 81 20 11 00 0D 00 90 00 A1 3F 01 00 0F 00 80 00 80 00 80 00 80
I 000000 02 81 20 11 00 0D 00 90 00 A1 3F 01 00 0F 00 80 00 80 00 80 00 80
I 000000 02 81 20 11 00 0D 00 90 00 A1 3F 00 00 0F 00 80 00 80 00 80 00 80
I 000000 02 81 20 11 00 0D 00 90 00 A1 3F 00 00 0F 00 80 00 80 00 80 00 80
I 000000 02 81 20 11 00 0D 00 90 00 A1 3F 00 00 0F 00 80 00 80 00 80 00 80
I 000000 02 81 20 11 00 0D 00 90 00 A1 3F 00 00 0F 00 80 00 80 00 80 00 80
I 000000 02 81 20 11 00 0D 00 90 00 A1 3F 00 00 0F 00 80 00 80 00 80 00 80
I 000000 02 81 20 11 00 0D 00 90 00 A1 3F 00 00 0F 00 80 00 80 00 80 00 80
I 000000 02 81 20 11 00 0D 00 90 00 A1 3F 01 00 0F 00 80 00 80 00 80 00 80
I 000000 02 81 20 11 00 0D 00 90 00 A1 3F 01 00 0F 00 80 00 80 00 80 00 80
I 000000 02 81 20 11 00 0D 00 90 00 A1 3F 01 00 0F 00 80 00 80 00 80 00 80
I 000000 02 81 20 11 00 0D 00 90 00 A1 3F 01 00 0F 00 80 00 80 00 80 00 80
I 000000 02 81 20 11 00 0D 00 90 00 A1 3F 01 00 0F 00 80 00 80 00 80 00 80
I 000000 02 81 20 11 00 0D 00 90 00 A1 3F 01 00 0F 00 80 00 80 00 80 00 80
I 000000 02 81 20 11 00 0D 00 90 00 A1 3F 00 00 0F 00 80 00 80 00 80 00 80
I 000000 02 81 20 11 00 0D 00 90 00 A1 3F 00 00 0F 00 80 00 80 00 80 00 80
I 000000 02 81 20 11 00 0D 00 90 00 A1 3F 00 00 0F 00 80 00 80 00 80 00 80
I 000000 02 81 20 11 00 0D 00 90 00 A1 3F 00 00 0F 00 80 00 80 00 80 00 80
I 000000 02 81 20 11 00 0D 00 90 00 A1 3F 00 00 0F 00 80 00 80 00 80 00 80
I 000000 02 81 20 11 00 0D 00 90 00 A1 3F 00 00 0F 00 80 00 80 00 80 00 80
I 000000 02 81 20 11 00 0D 00 90 00 A1 3F 01 00 0F 00 80 00 80 00 80 00 80
I 000000 02 81 20 11 00 0D 00 90 00 A1 3F 01 00 0F 00 80 00 80 00 80 00 80
I 000000 02 81 20 11 00 0D 00 90 00 A1 3F 01 00 0F 00 80 00 80 00 80 00 80
I 000000 02 81 20 11 00 0D 00 90 00 A1 3F 01 00 0F 00 80 00 80 00 80 00 80
I 000000 02 81 20 11 00 0D 00 90 00 A1 3F 01 00 0F 00 80 00 80 00 80 00 80
I 000000 02 81 20 11 00 0D 00 90 00 A1 3F 01 00 0F 00 80 00 80 00 80 00 80
I 000000 02 81 20 11 00 0D 00 90 00 A1 3F 00 00 0F 00 80 00 80 00 80 00 80
I 000000 02 81 20 11 00 0D 00 90 00 A1 3F 00 00 0F 00 80 00 80 00 80 00 80
I 000000 02 81 20 11 00 0D 00 90 00 A1 3F 00 00 0F 00 80 00 80 00 80 00 80
I 000000 02 81 20 11 00 0D 00 90 00 A1 3F 00 00 0F 00 80 00 80 00 80 00 80
I 000000 02 81 20 11 00 0D 00 90 00 A1 3F 00 00 0F 00 80 00 80 00 80 00 80
I 000000 02 81 20 11 00 0D 00 90 00 A1 3F 00 00 0F 00 80 00 80 00 80 00 80
I 000000 02 81 20 11 00 0D 00 90 00 A1 3F 01 00 0F 00 80 00 80 00 80 00 80
I 000000 02 81 20 11 00 0D 00 90 00 A1 3F 01 00 0F 00 80 00 80 00 80 00 80
I 000000 02 81 20 11 00 0D 00 90 00 A1 3F 01 00 0F 00 80 00 80 00 80 00 80
I 000000 02 81 20 11 00 0D 00 90 00 A1 3F 01 00 0F 00 80 00 80 00 80 00 80
I 000000 02 81 20 11 00 0D 00 90 00 A1 3F 01 00 0F 00 80 00 80 00 80 00 80
I 000000 02 81 20 11 00 0D 00 90 00 A1 3F 01 00 0F 00 80 00 80 00 80 00 80
I 000000 02 81 20 11 00 0D 00 90 00 A1 3F 00 00 0F 00 80 00 80 00 80 00 80
I 000000 02 81 20 11 00 0D 00 90 00 A1 3F 00 00 0F 00 80 00 80 00 80 00 80
I 000000 02 81 20 11 00 0D 00 90 00 A1 3F 00 00 0F 00 80 00 80 00 80 00 80
I 000000 02 81 20 11 00 0D 00 90 00 A1 3F 00 00 0F 00 80 00 80 00 80 00 80
I 000000 02 81 20 11 00 0D 00 90 00 A1 3F 00 00 0F 00 80 00 80 00 80 00 80
I 000000 02 81 20 11 00 0D 00 90 00 A1 3F 00 00 0F 00 80 00 80 00 80 00 80
I 000000 02 81 20 11 00 0D 00 90 00 A1 3F 01 00 0F 00 80 00 80 00 80 00 80
I 000000 02 81 20 11 00 0D 00 90 00 A1 3F 01 00 0F 00 80 00 80 00 80 00 80
I 000000 02 81 20 11 00 0D 00 90 00 A1 3F 01 00 0F 00 80 00 80 00 80 00 80
I 000000 02 81 20 11 00 0D 00 90 00 A1 3F 01 00 0F 00 80 00 80 00 80 00 80
I 000000 02 81 20 11 00 0D 00 90 00 A1 3F 01 00 0F 00 80 00 80 00 80 00 80
I 000000 02 81 20 11 00 0D 00 90 00 A1 3F 01 00 0F 00 80 00 80 00 80 00 80
I 000000 02 81 20 11 00 0D 00 90 00 A1 3F 00 00 0F 00 80 00 80 00 80 00 80
I 000000 02 81 20 11 00 0D 00 90 00 A1 3F 00 00 0F 00 80 00 80 00 80 00 80
I 000000 02 81 20 11 00 0D 00 90 00 A1 3F 00 00 0F 00 80 00 80 00 80 00 80
I 000000 02 81 20 11 00 0D 00 90 00 A1 3F 00 00 0F 00 80 00 80 00 80 00 80
I 000000 02 81 20 11 00 0D 00 90 00 A1 3F 00 00 0F 00 80 00 80 00 80 00 80
I 000000 02 81 20 11 00 0D 00 90 00 A1 3F 00 00 0F 00 80 00 80 00 80 00 80
I 000000 02 81 20 11 00 0D 00 90 00 A1 3F 01 00 0F 00 80 00 80 00 80 00 80
I 000000 02 81 20 11 00 0D 00 90 00 A1 3F 01 00 0F 00 80 00 80 00 80 00 80
I 000000 02 81 20 11 00 0D 00 90 00 A1 3F 01 00 0F 00 80 00 80 00 80 00 80
I 000000 02 81 20 11 00 0D 00 90 00 A1 3F 01 00 0F 00 80 00 80 00 80 00 80
I 000000 02 81 20 11 00 0D 00 90 00 A1 3F 01 00 0F 00 80 00 80 00 80 00 80
I 000000 02 81 20 11 00 0D 00 90 00 A1 3F 01 00 0F 00 80 00 80 00 80 00 80
I 000000 02 81 20 11 00 0D 00 90 00 A1 3F 00 00 0F 00 80 00 80 00 80 00 80
I 000000 02 81 20 11 00 0D 00 90 00 A1 3F 00 00 0F 00 80 00 80 00 80 00 80
I 000000 02 81 20 11 00 0D 00 90 00 A1 3F 00 00 0F 00 80 00 80 00 80 00 80
I 000000 02 81 20 11 00 0D 00 90 00 A1 3F 00 00 0F 00 80 00 80 00 80 00 80
I 000000 02 81 20 11 00 0D 00 90 00 A1 3F 00 00 0F 00 80 00 80 00 80 00 80
I 000000 02 81 20 11 00 0D 00 90 00 A1 3F 00 00 0F 00 80 00 80 00 80 00 80
I 000000 02 81 20 11 00 0D 00 90 00 A1 3F 01 00 0F 00 80 00 80 00 80 00 80
I 000000 02 81 20 11 00 0D 00 90 00 A1 3F 01 00 0F 00 80 00 80 00 80 00 80
I 000000 02 81 20 11 00 0D 00 90 00 A1 3F 01 00 0F 00 80 00 80 00 80 00 80
I 000000 02 81 20 11 00 0D 00 90 00 A1 3F 01 00 0F 00 80 00 80 00 80 00 80
I 000000 02 81 20 11 00 0D 00 90 00 A1 3F 01 00 0F 00 80 00 80 00 80 00 80
I 000000 02 81 20 11 00 0D 00 90 00 A1 3F 01 00 0F 00 80 00 80 00 80 00 80
I 000000 02 81 20 11 00 0D 00 90 00 A1 3F 00 00 0F 00 80 00 80 00 80 00 80
I 000000 02 81 20 11 00 0D 00 90 00 A1 3F 00 00 0F 00 80 00 80 00 80 00 80
I 000000 02 81 20 11 00 0D 00 90 00 A1 3F 00 00 0F 00 80 00 80 00 80 00 80
I 000000 02 81 20 11 00 0D 00 90 00 A1 3F 00 00 0F 00 80 00 80 00 80 00 80
I 000000 02 81 20 11 00 0D 00 90 00 A1 3F 00 00 0F 00 80 00 80 00 80 00 80
I 000000 02 81 20 11 00 0D 00 90 00 A1 3F 00 00 0F 00 80 00 80 00 80 00 80
I 000000 02 81 20 11 00 0D 00 90 00 A1 3F 01 00 0F 00 80 00 80 00 80 00 80
I 000000 02 81 20 11 00 0D 00 90 00 A1 3F 01 00 0F 00 80 00 80 00 80 00 80
I 000000 02 81 20 11 00 0D 00 90 00 A1 3F 01 00 0F 00 80 00 80 00 80 00 80
I 000000 02 81 20 11 00 0D 00 90 00 A1 3F 01 00 0F 00 80 00 80 00 80 00 80
I 000000 02 81 20 11 00 0D 00 90 00 A1 3F 01 00 0F 00 80 00 80 00 80 00 80
I 000000 02 81 20 11 00 0D 00 90 00 A1 3F 01 00 0F 00 80 00 80 00 80 00 80
I 000000 02 81 20 11 00 0D 00 90 00 A1 3F 00 00 0F 00 80 00 80 00 80 00 80
I 000000 02 81 20 11 00 0D 00 90 00 A1 3F 00 00 0F 00 80 00 80 00 80 00 80
I 000000 02 81 20 11 00 0D 00 90 00 A1 3F 00 00 0F 00 80 00 80 00 80 00 80
I 000000 02 81 20 11 00 0D 00 90 00 A1 3F 00 00 0F 00 80 00 80 00 80 00 80
I 000000 02 81 20 11 00 0D 00 90 00 A1 3F 00 00 0F 00 80 00 80 00 80 00 80
I 000000 02 81 20 11 00 0D 00 90 00 A1 3F 00 00 0F 00 80 00 80 00 80 00 80
I 000000 02 81 20 11 00 0D 00 90 00 A1 3F 00 00 0F 00 80 03 64 00 80 00 80
I 000000 02 81 20 11 00 0D 00 90 00 A1 3F 00 00 0F 00 80 00 53 00 80 00 80
I 000000 02 81 20 11 00 0D 00 90 00 A1 3F 00 00 0F 4E 87 EF 4C 00 80 00 80
I 000000 02 81 20 11 00 0D 00 90 00 A1 3F 00 00 0F 6C 8D A4 37 00 80 00 80
I 000000 02 81 20 11 00 0D 00 90 00 A1 3F 00 00 0F 09 90 D1 26 00 80 00 80
I 000000 02 81 20 11 00 0D 00 90 00 A1 3F 00 00 0F B0 93 00 00 00 80 00 80
I 000000 02 81 20 11 00 0D 00 90 00 A1 3F 00 00 0F B0 93 00 00 00 80 00 80
I 000000 02 81 20 11 00 0D 00 90 00 A1 3F 00 00 0F B0 93 00 00 00 80 00 80
I 000000 02 81 20 11 00 0D 00 90 00 A1 3F 00 00 0F B0 93 00 00 00 80 00 80
I 000000 02 81 20 11 00 0D 00 90 00 A1 3F 00 00 0F 75 8E 00 00 00 80 00 80
I 000000 02 81 20 11 00 0D 00 90 00 A1 3F 00 00 0F 00 80 00 00 00 80 00 80
I 000000 02 81 20 11 00 0D 00 90 00 A1 3F 00 00 0F 00 80 00 00 00 80 00 80
I 000000 02 81 20 11 00 0D 00 90 00 A1 3F 00 00 0F 00 80 00 00 00 80 00 80
I 000000 02 81 20 11 00 0D 00 90 00 A1 3F 00 00 0F 00 80 00 00 00 80 00 80
I 000000 02 81 20 11 00 0D 00 90 00 A1 3F 00 00 0F 00 80 00 00 00 80 00 80
I 000000 02 81 20 11 00 0D 00 90 00 A1 3F 00 00 0F 00 80 00 00 00 80 00 80
I 000000 02 81 20 11 00 0D 00 90 00 A1 3F 00 00 0F B4 74 00 00 00 80 00 80
I 000000 02 81 20 11 00 0D 00 90 00 A1 3F 00 00 0F D0 4A 00 00 00 80 00 80
I 000000 02 81 20 11 00 0D 00 90 00 A1 3F 00 00 0F 00 00 00 00 00 80 00 80
I 000000 02 81 20 11 00 0D 00 90 00 A1 3F 00 00 0F 00 00 CB 02 00 80 00 80
I 000000 02 81 20 11 00 0D 00 90 00 A1 3F 00 00 0F 00 00 56 06 00 80 00 80
I 000000 02 81 20 11 00 0D 00 90 00 A1 3F 00 00 0F 00 00 81 1D 00 80 00 80
I 000000 02 81 20 11 00 0D 00 90 00 A1 3F 00 00 0F 00 00 62 2C 00 80 00 80
I 000000 02 81 20 11 00 0D 00 90 00 A1 3F 00 00 0F 00 00 30 61 00 80 00 80
I 000000 02 81 20 11 00 0D 00 90 00 A1 3F 00 00 0F 00 00 8D 6A 00 80 00 80
I 000000 02 81 20 11 00 0D 00 90 00 A1 3F 00 00 0F 00 00 09 74 00 80 00 80
I 000000 02 81 20 11 00 0D 00 90 00 A1 3F 00 00 0F 00 00 00 80 00 80 00 80
I 000000 02 81 20 11 00 0D 00 90 00 A1 3F 00 00 0F 00 00 00 80 00 80 00 80
I 000000 02 81 20 11 00 0D 00 90 00 A1 3F 00 00 0F 00 00 00 80 00 80 00 80
I 000000 02 81 20 11 00 0D 00 90 00 A1 3F 00 00 0F 00 00 00 80 00 80 00 80
I 000000 02 81 20 11 00 0D 00 90 00 A1 3F 00 00 0F 00 00 CA A0 00 80 00 80
I 000000 02 81 20 11 00 0D 00 90 00 A1 3F 00 00 0F 00 00 FF FF 00 80 00 80
I 000000 02 81 20 11 00 0D 00 90 00 A1 3F 00 00 0F AB 02 FF FF 00 80 00 80
I 000000 02 81 20 11 00 0D 00 90 00 A1 3F 00 00 0F 1E 07 FF FF 00 80 00 80
I 000000 02 81 20 11 00 0D 00 90 00 A1 3F 00 00 0F 47 21 FF FF 00 80 00 80
I 000000 02 81 20 11 00 0D 00 90 00 A1 3F 00 00 0F 2B 47 FF FF 00 80 00 80
I 000000 02 81 20 11 00 0D 00 90 00 A1 3F 00 00 0F D6 58 FF FF 00 80 00 80
I 000000 02 81 20 11 00 0D 00 90 00 A1 3F 00 00 0F 51 6C FF FF 00 80 00 80
I 000000 02 81 20 11 00 0D 00 90 00 A1 3F 00 00 0F 00 80 FF FF 00 80 00 80
I 000000 02 81 20 11 00 0D 00 90 00 A1 3F 00 00 0F 00 80 FF FF 00 80 00 80
I 000000 02 81 20 11 00 0D 00 90 00 A1 3F 00 00 0F 00 80 FF FF 00 80 00 80
I 000000 02 81 20 11 00 0D 00 90 00 A1 3F 00 00 0F 00 80 FF FF 00 80 00 80
I 000000 02 81 20 11 00 0D 00 90 00 A1 3F 00 00 0F 00 80 FF FF 00 80 00 80
I 000000 02 81 20 11 00 0D 00 90 00 A1 3F 00 00 0F A6 A1 FF FF 00 80 00 80
I 000000 02 81 20 11 00 0D 00 90 00 A1 3F 00 00 0F 7E D6 FF FF 00 80 00 80
I 000000 02 81 20 11 00 0D 00 90 00 A1 3F 00 00 0F FF FF E1 FE 00 80 00 80
I 000000 02 81 20 11 00 0D 00 90 00 A1 3F 00 00 0F FF FF E3 F3 00 80 00 80
I 000000 02 81 20 11 00 0D 00 90 00 A1 3F 00 00 0F FF FF 91 F0 00 80 00 80
I 000000 02 81 20 11 00 0D 00 90 00 A1 3F 00 00 0F FF FF 4C C9 00 80 00 80
I 000000 02 81 20 11 00 0D 00 90 00 A1 3F 00 00 0F FF FF 2A B7 00 80 00 80
I 000000 02 81 20 11 00 0D 00 90 00 A1 3F 00 00 0F FF FF 78 AA 00 80 00 80
I 000000 02 81 20 11 00 0D 00 90 00 A1 3F 00 00 0F FF FF 08 97 00 80 00 80
I 000000 02 81 20 11 00 0D 00 90 00 A1 3F 00 00 0F FF FF 28 8E 00 80 00 80
I 000000 02 81 20 11 00 0D 00 90 00 A1 3F 00 00 0F FF FF 00 80 00 80 00 80
I 000000 02 81 20 11 00 0D 00 90 00 A1 3F 00 00 0F FF FF 00 80 00 80 00 80
I 000000 02 81 20 11 00 0D 00 90 00 A1 3F 00 00 0F FF FF 00 80 00 80 00 80
I 000000 02 81 20 11 00 0D 00 90 00 A1 3F 00 00 0F FF FF 5D 56 00 80 00 80
I 000000 02 81 20 11 00 0D 00 90 00 A1 3F 00 00 0F 11 F4 00 00 00 80 00 80
I 000000 02 81 20 11 00 0D 00 90 00 A1 3F 00 00 0F E9 E5 00 00 00 80 00 80
I 000000 02 81 20 11 00 0D 00 90 00 A1 3F 00 00 0F 5C C3 00 00 00 80 00 80
I 000000 02 81 20 11 00 0D 00 90 00 A1 3F 00 00 0F 00 80 00 00 00 80 00 80
I 000000 02 81 20 11 00 0D 00 90 00 A1 3F 00 00 0F 00 80 00 00 00 80 00 80
I 000000 02 81 20 11 00 0D 00 90 00 A1 3F 00 00 0F 00 80 00 00 00 80 00 80
I 000000 02 81 20 11 00 0D 00 90 00 A1 3F 00 00 0F 00 80 00 00 00 80 00 80
I 000000 02 81 20 11 00 0D 00 90 00 A1 3F 00 00 0F 00 80 00 00 00 80 00 80
I 000000 02 81 20 11 00 0D 00 90 00 A1 3F 00 00 0F 00 80 00 00 00 80 00 80
I 000000 02 81 20 11 00 0D 00 90 00 A1 3F 00 00 0F CA 7A 00 00 00 80 00 80
I 000000 02 81 20 11 00 0D 00 90 00 A1 3F 00 00 0F EF 3F 00 00 00 80 00 80
I 000000 02 81 20 11 00 0D 00 90 00 A1 3F 00 00 0F 06 13 97 06 00 80 00 80
I 000000 02 81 20 11 00 0D 00 90 00 A1 3F 00 00 0F E7 10 F7 0E 00 80 00 80
I 000000 02 81 20 11 00 0D 00 90 00 A1 3F 00 00 0F 4D 0C E8 18 00 80 00 80
I 000000 02 81 20 11 00 0D 00 90 00 A1 3F 00 00 0F 6D 07 4C 2C 00 80 00 80
I 000000 02 81 20 11 00 0D 00 90 00 A1 3F 00 00 0F 80 02 F3 44 00 80 00 80
I 000000 02 81 20 11 00 0D 00 90 00 A1 3F 00 00 0F 00 00 82 64 00 80 00 80
I 000000 02 81 20 11 00 0D 00 90 00 A1 3F 00 00 0F 00 00 DC 72 00 80 00 80
I 000000 02 81 20 11 00 0D 00 90 00 A1 3F 00 00 0F 00 00 00 80 00 80 00 80
I 000000 02 81 20 11 00 0D 00 90 00 A1 3F 00 00 0F 00 00 00 80 00 80 00 80
I 000000 02 81 20 11 00 0D 00 90 00 A1 3F 00 00 0F E9 04 EC EC 00 80 00 80
I 000000 02 81 20 11 00 0D 00 90 00 A1 3F 00 00 0F FC 0E CA F8 00 80 00 80
I 000000 02 81 20 11 00 0D 00 90 00 A1 3F 00 00 0F 1C 2A FF FF 00 80 00 80
I 000000 02 81 20 11 00 0D 00 90 00 A1 3F 00 00 0F 89 33 FF FF 00 80 00 80
I 000000 02 81 20 11 00 0D 00 90 00 A1 3F 00 00 0F 00 80 FF FF 00 80 00 80
I 000000 02 81 20 11 00 0D 00 90 00 A1 3F 00 00 0F 00 80 FF FF 00 80 00 80
I 000000 02 81 20 11 00 0D 00 90 00 A1 3F 00 00 0F 00 80 FF FF 00 80 00 80
I 000000 02 81 20 11 00 0D 00 90 00 A1 3F 00 00 0F 00 80 FF FF 00 80 00 80
I 000000 02 81 20 11 00 0D 00 90 00 A1 3F 00 00 0F 00 80 FF FF 00 80 00 80
I 000000 02 81 20 11 00 0D 00 90 00 A1 3F 00 00 0F 00 80 FF FF 00 80 00 80
I 000000 02 81 20 11 00 0D 00 90 00 A1 3F 00 00 0F 72 87 FF FF 00 80 00 80
I 000000 02 81 20 11 00 0D 00 90 00 A1 3F 00 00 0F EE 99 FF FF 00 80 00 80
I 000000 02 81 20 11 00 0D 00 90 00 A1 3F 00 00 0F 04 B5 FF FF 00 80 00 80
I 000000 02 81 20 11 00 0D 00 90 00 A1 3F 00 00 0F B9 CB FF FF 00 80 00 80
I 000000 02 81 20 11 00 0D 00 90 00 A1 3F 00 00 0F FF FF DB CC 00 80 00 80
I 000000 02 81 20 11 00 0D 00 90 00 A1 3F 00 00 0F FF FF 00 80 00 80 00 80
I 000000 02 81 20 11 00 0D 00 90 00 A1 3F 00 00 0F FF FF 00 80 00 80 00 80
I 000000 02 81 20 11 00 0D 00 90 00 A1 3F 00 00 0F FF FF 00 80 00 80 00 80
I 000000 02 81 20 11 00 0D 00 90 00 A1 3F 00 00 0F FF FF 00 80 00 80 00 80
I 000000 02 81 20 11 00 0D 00 90 00 A1 3F 00 00 0F FF FF 00 80 00 80 00 80
I 000000 02 81 20 11 00 0D 00 90 00 A1 3F 00 00 0F FF FF 00 80 00 80 00 80
I 000000 02 81 20 11 00 0D 00 90 00 A1 3F 00 00 0F FF FF DF 7C 00 80 00 80
I 000000 02 81 20 11 00 0D 00 90 00 A1 3F 00 00 0F FF FF 13 6E 00 80 00 80
I 000000 02 81 20 11 00 0D 00 90 00 A1 3F 00 00 0F FF FF 48 47 00 80 00 80
I 000000 02 81 20 11 00 0D 00 90 00 A1 3F 00 00 0F FF FF 8C 00 00 80 00 80
I 000000 02 81 20 11 00 0D 00 90 00 A1 3F 00 00 0F FF FF 8C 00 00 80 00 80
I 000000 02 81 20 11 00 0D 00 90 00 A1 3F 00 00 0F 11 FE 00 00 00 80 00 80
I 000000 02 81 20 11 00 0D 00 90 00 A1 3F 00 00 0F 88 FA 00 00 00 80 00 80
I 000000 02 81 20 11 00 0D 00 90 00 A1 3F 00 00 0F B9 F2 00 00 00 80 00 80
I 000000 02 81 20 11 00 0D 00 90 00 A1 3F 00 00 0F 80 BF 00 00 00 80 00 80
I 000000 02 81 20 11 00 0D 00 90 00 A1 3F 00 00 0F 80 A8 00 00 00 80 00 80
I 000000 02 81 20 11 00 0D 00 90 00 A1 3F 00 00 0F 00 80 00 00 00 80 00 80
I 000000 02 81 20 11 00 0D 00 90 00 A1 3F 00 00 0F 00 80 00 00 00 80 00 80
I 000000 02 81 20 11 00 0D 00 90 00 A1 3F 00 00 0F 00 80 00 00 00 80 00 80
I 000000 02 81 20 11 00 0D 00 90 00 A1 3F 00 00 0F 00 80 00 00 00 80 00 80
I 000000 02 81 20 11 00 0D 00 90 00 A1 3F 00 00 0F 00 80 00 00 00 80 00 80
I 000000 02 81 20 11 00 0D 00 90 00 A1 3F 00 00 0F D5 7F 00 00 00 80 00 80
I 000000 02 81 20 11 00 0D 00 90 00 A1 3F 00 00 0F 87 70 00 00 00 80 00 80
I 000000 02 81 20 11 00 0D 00 90 00 A1 3F 00 00 0F BB 18 03 02 00 80 00 80
I 000000 02 81 20 11 00 0D 00 90 00 A1 3F 00 00 0F 29 12 14 0A 00 80 00 80
I 000000 02 81 20 11 00 0D 00 90 00 A1 3F 00 00 0F 5E 0C 2B 16 00 80 00 80
I 000000 02 81 20 11 00 0D 00 90 00 A1 3F 00 00 0F 00 00 67 50 00 80 00 80
I 000000 02 81 20 11 00 0D 00 90 00 A1 3F 00 00 0F 00 00 67 5F 00 80 00 80
I 000000 02 81 20 11 00 0D 00 90 00 A1 3F 00 00 0F 00 00 DC 6E 00 80 00 80
I 000000 02 81 20 11 00 0D 00 90 00 A1 3F 00 00 0F 00 00 00 80 00 80 00 80
I 000000 02 81 20 11 00 0D 00 90 00 A1 3F 00 00 0F 00 00 00 80 00 80 00 80
I 000000 02 81 20 11 00 0D 00 90 00 A1 3F 00 00 0F ED 04 67 ED 00 80 00 80
I 000000 02 81 20 11 00 0D 00 90 00 A1 3F 00 00 0F 9C 07 BA F5 00 80 00 80
I 000000 02 81 20 11 00 0D 00 90 00 A1 3F 00 00 0F 88 0A 09 F8 00 80 00 80
I 000000 02 81 20 11 00 0D 00 90 00 A1 3F 00 00 0F A2 0A 3D F8 00 80 00 80
I 000000 02 81 20 11 00 0D 00 90 00 A1 3F 00 00 0F 5D 0A 4B F8 00 80 00 80
I 000000 02 81 20 11 00 0D 00 90 00 A1 3F 00 00 0F 10 0D 61 F8 00 80 00 80
I 000000 02 81 20 11 00 0D 00 90 00 A1 3F 00 00 0F 93 16 37 FC 00 80 00 80
I 000000 02 81 20 11 00 0D 00 90 00 A1 3F 00 00 0F BD 1A 2C FF 00 80 00 80
I 000000 02 81 20 11 00 0D 00 90 00 A1 3F 00 00 0F 35 38 FF FF 00 80 00 80
I 000000 02 81 20 11 00 0D 00 90 00 A1 3F 00 00 0F E1 4D FF FF 00 80 00 80
I 000000 02 81 20 11 00 0D 00 90 00 A1 3F 00 00 0F 63 5D FF FF 00 80 00 80
I 000000 02 81 20 11 00 0D 00 90 00 A1 3F 00 00 0F 38 6F FF FF 00 80 00 80
I 000000 02 81 20 11 00 0D 00 90 00 A1 3F 00 00 0F 00 80 FF FF 00 80 00 80
I 000000 02 81 20 11 00 0D 00 90 00 A1 3F 00 00 0F 00 80 FF FF 00 80 00 80
I 000000 02 81 20 11 00 0D 00 90 00 A1 3F 00 00 0F 00 80 FF FF 00 80 00 80
I 000000 02 81 20 11 00 0D 00 90 00 A1 3F 00 00 0F 00 80 FF FF 00 80 00 80
I 000000 02 81 20 11 00 0D 00 90 00 A1 3F 00 00 0F 00 80 FF FF 00 80 00 80
I 000000 02 81 20 11 00 0D 00 90 00 A1 3F 00 00 0F 00 80 FF FF 00 80 00 80
I 000000 02 81 20 11 00 0D 00 90 00 A1 3F 00 00 0F 0D 89 FF FF 00 80 00 80
I 000000 02 81 20 11 00 0D 00 90 00 A1 3F 00 00 0F C2 9C FF FF 00 80 00 80
I 000000 02 81 20 11 00 0D 00 90 00 A1 3F 00 00 0F D8 B5 FF FF 00 80 00 80
I 000000 02 81 20 11 00 0D 00 90 00 A1 3F 00 00 0F 1E CE FF FF 00 80 00 80
I 000000 02 81 20 11 00 0D 00 90 00 A1 3F 00 00 0F E5 FB 90 F3 00 80 00 80
I 000000 02 81 20 11 00 0D 00 90 00 A1 3F 00 00 0F C2 FC E8 F2 00 80 00 80
I 000000 02 81 20 11 00 0D 00 90 00 A1 3F 00 00 0F FF FF EB ED 00 80 00 80
I 000000 02 81 20 11 00 0D 00 90 00 A1 3F 00 00 0F FF FF E8 A0 00 80 00 80
I 000000 02 81 20 11 00 0D 00 90 00 A1 3F 00 00 0F FF FF 33 92 00 80 00 80
I 000000 02 81 20 11 00 0D 00 90 00 A1 3F 00 00 0F FF FF 00 80 00 80 00 80
I 000000 02 81 20 11 00 0D 00 90 00 A1 3F 00 00 0F FF FF 00 80 00 80 00 80
I 000000 02 81 20 11 00 0D 00 90 00 A1 3F 00 00 0F FF FF 00 80 00 80 00 80
I 000000 02 81 20 11 00 0D 00 90 00 A1 3F 00 00 0F FF FF 00 80 00 80 00 80
I 000000 02 81 20 11 00 0D 00 90 00 A1 3F 00 00 0F FF FF 00 80 00 80 00 80
I 000000 02 81 20 11 00 0D 00 90 00 A1 3F 00 00 0F FF FF 00 80 00 80 00 80
I 000000 02 81 20 11 00 0D 00 90 00 A1 3F 00 00 0F FF FF 70 73 00 80 00 80
I 000000 02 81 20 11 00 0D 00 90 00 A1 3F 00 00 0F FF FF FF 6A 00 80 00 80
I 000000 02 81 20 11 00 0D 00 90 00 A1 3F 00 00 0F FF FF F1 5E 00 80 00 80
I 000000 02 81 20 11 00 0D 00 90 00 A1 3F 00 00 0F FF FF C7 50 00 80 00 80
I 000000 02 81 20 11 00 0D 00 90 00 A1 3F 00 00 0F FF FF 2A 38 00 80 00 80
I 000000 02 81 20 11 00 0D 00 90 00 A1 3F 00 00 0F FF FF 34 1E 00 80 00 80
I 000000 02 81 20 11 00 0D 00 90 00 A1 3F 00 00 0F FF FF 5A 02 00 80 00 80
I 000000 02 81 20 11 00 0D 00 90 00 A1 3F 00 00 0F FF FF 8C 00 00 80 00 80
I 000000 02 81 20 11 00 0D 00 90 00 A1 3F 00 00 0F FF FF 8C 00 00 80 00 80
I 000000 02 81 20 11 00 0D 00 90 00 A1 3F 00 00 0F FF FF 8C 00 00 80 00 80
I 000000 02 81 20 11 00 0D 00 90 00 A1 3F 00 00 0F 46 EC 00 00 00 80 00 80
I 000000 02 81 20 11 00 0D 00 90 00 A1 3F 00 00 0F 30 C0 00 00 00 80 00 80
I 000000 02 81 20 11 00 0D 00 90 00 A1 3F 00 00 0F 84 A4 00 00 00 80 00 80
I 000000 02 81 20 11 00 0D 00 90 00 A1 3F 00 00 0F A3 88 00 00 00 80 00 80
I 000000 02 81 20 11 00 0D 00 90 00 A1 3F 00 00 0F 00 80 00 00 00 80 00 80
I 000000 02 81 20 11 00 0D 00 90 00 A1 3F 00 00 0F 00 80 00 00 00 80 00 80
I 000000 02 81 20 11 00 0D 00 90 00 A1 3F 00 00 0F 00 80 00 00 00 80 00 80
I 000000 02 81 20 11 00 0D 00 90 00 A1 3F 00 00 0F 8F 7F 00 00 00 80 00 80
I 000000 02 81 20 11 00 0D 00 90 00 A1 3F 00 00 0F 63 6E 00 00 00 80 00 80
I 000000 02 81 20 11 00 0D 00 90 00 A1 3F 00 00 0F 13 6A 00 00 00 80 00 80
I 000000 02 81 20 11 00 0D 00 90 00 A1 3F 00 00 0F 8D 62 00 00 00 80 00 80
I 000000 02 81 20 11 00 0D 00 90 00 A1 3F 00 00 0F E9 53 00 00 00 80 00 80
I 000000 02 81 20 11 00 0D 00 90 00 A1 3F 00 00 0F 97 45 00 00 00 80 00 80
I 000000 02 81 20 11 00 0D 00 90 00 A1 3F 00 00 0F 97 3C 00 00 00 80 00 80
I 000000 02 81 20 11 00 0D 00 90 00 A1 3F 00 00 0F F5 31 00 00 00 80 00 80
I 000000 02 81 20 11 00 0D 00 90 00 A1 3F 00 00 0F E6 17 47 01 00 80 00 80
I 000000 02 81 20 11 00 0D 00 90 00 A1 3F 00 00 0F 89 14 A1 03 00 80 00 80
I 000000 02 81 20 11 00 0D 00 90 00 A1 3F 00 00 0F 4D 14 8B 03 00 80 00 80
I 000000 02 81 20 11 00 0D 00 90 00 A1 3F 00 00 0F 1D 14 8B 03 00 80 00 80
I 000000 02 81 20 11 00 0D 00 90 00 A1 3F 00 00 0F 1D 14 8B 03 00 80 00 80
I 000000 02 81 20 11 00 0D 00 90 00 A1 3F 00 00 0F 10 14 F8 03 00 80 00 80
I 000000 02 81 20 11 00 0D 00 90 00 A1 3F 00 00 0F 10 14 4B 04 00 80 00 80
I 000000 02 81 20 11 00 0D 00 90 00 A1 3F 00 00 0F 92 13 36 05 00 80 00 80
I 000000 02 81 20 11 00 0D 00 90 00 A1 3F 00 00 0F 24 11 83 0F 00 80 00 80
I 000000 02 81 20 11 00 0D 00 90 00 A1 3F 00 00 0F CC 0E CC 12 00 80 00 80
I 000000 02 81 20 11 00 0D 00 90 00 A1 3F 00 00 0F 62 0B BE 19 00 80 00 80
I 000000 02 81 20 11 00 0D 00 90 00 A1 3F 00 00 0F 09 08 1D 25 00 80 00 80
I 000000 02 81 20 11 00 0D 00 90 00 A1 3F 00 00 0F 00 07 98 2E 00 80 00 80
I 000000 02 81 20 11 00 0D 00 90 00 A1 3F 00 00 0F 11 06 41 32 00 80 00 80
I 000000 02 81 20 11 00 0D 00 90 00 A1 3F 00 00 0F 2A 05 B3 36 00 80 00 80
I 000000 02 81 20 11 00 0D 00 90 00 A1 3F 00 00 0F 6F 04 12 3A 00 80 00 80
I 000000 02 81 20 11 00 0D 00 90 00 A1 3F 00 00 0F 29 03 20 3F 00 80 00 80
I 000000 02 81 20 11 00 0D 00 90 00 A1 3F 00 00 0F A2 01 C8 45 00 80 00 80
I 000000 02 81 20 11 00 0D 00 90 00 A1 3F 00 00 0F 00 00 B3 5D 00 80 00 80
I 000000 02 81 20 11 00 0D 00 90 00 A1 3F 00 00 0F 00 00 16 65 00 80 00 80
I 000000 02 81 20 11 00 0D 00 90 00 A1 3F 00 00 0F 00 00 7C 7A 00 80 00 80
I 000000 02 81 20 11 00 0D 00 90 00 A1 3F 00 00 0F 00 00 00 80 00 80 00 80
I 000000 02 81 20 11 00 0D 00 90 00 A1 3F 00 00 0F 00 00 00 80 00 80 00 80
I 000000 02 81 20 11 00 0D 00 90 00 A1 3F 00 00 0F 00 00 00 80 00 80 00 80
I 000000 02 81 20 11 00 0D 00 90 00 A1 3F 00 00 0F 00 00 00 80 00 80 00 80
I 000000 02 81 20 11 00 0D 00 90 00 A1 3F 00 00 0F 00 00 50 94 00 80 00 80
I 000000 02 81 20 11 00 0D 00 90 00 A1 3F 00 00 0F 00 00 2A B0 00 80 00 80
I 000000 02 81 20 11 00 0D 00 90 00 A1 3F 00 00 0F 6C 05 27 F2 00 80 00 80
I 000000 02 81 20 11 00 0D 00 90 00 A1 3F 00 00 0F 22 0E 4B F8 00 80 00 80
I 000000 02 81 20 11 00 0D 00 90 00 A1 3F 00 00 0F E2 0F 88 F8 00 80 00 80
I 000000 02 81 20 11 00 0D 00 90 00 A1 3F 00 00 0F BE 25 FF FF 00 80 00 80
I 000000 02 81 20 11 00 0D 00 90 00 A1 3F 00 00 0F 5C 30 FF FF 00 80 00 80
I 000000 02 81 20 11 00 0D 00 90 00 A1 3F 00 00 0F 26 3D FF FF 00 80 00 80
I 000000 02 81 20 11 00 0D 00 90 00 A1 3F 00 00 0F CC 4F FF FF 00 80 00 80
I 000000 02 81 20 11 00 0D 00 90 00 A1 3F 00 00 0F 43 5B FF FF 00 80 00 80
I 000000 02 81 20 11 00 0D 00 90 00 A1 3F 00 00 0F 36 6A FF FF 00 80 00 80
I 000000 02 81 20 11 00 0D 00 90 00 A1 3F 00 00 0F 42 71 FF FF 00 80 00 80
I 000000 02 81 20 11 00 0D 00 90 00 A1 3F 00 00 0F 00 80 FF FF 00 80 00 80
I 000000 02 81 20 11 00 0D 00 90 00 A1 3F 00 00 0F 00 80 FF FF 00 80 00 80
I 000000 02 81 20 11 00 0D 00 90 00 A1 3F 00 00 0F 00 80 FF FF 00 80 00 80
I 000000 02 81 20 11 00 0D 00 90 00 A1 3F 00 00 0F 00 80 FF FF 00 80 00 80
I 000000 02 81 20 11 00 0D 00 90 00 A1 3F 00 00 0F 00 80 FF FF 00 80 00 80
I 000000 02 81 20 11 00 0D 00 90 00 A1 3F 00 00 0F 00 80 FF FF 00 80 00 80
I 000000 02 81 20 11 00 0D 00 90 00 A1 3F 00 00 0F E1 88 FF FF 00 80 00 80
I 000000 02 81 20 11 00 0D 00 90 00 A1 3F 00 00 0F 00 97 FF FF 00 80 00 80
I 000000 02 81 20 11 00 0D 00 90 00 A1 3F 00 00 0F 96 A7 FF FF 00 80 00 80
I 000000 02 81 20 11 00 0D 00 90 00 A1 3F 00 00 0F CB E7 B5 FE 00 80 00 80
I 000000 02 81 20 11 00 0D 00 90 00 A1 3F 00 00 0F 96 FC 0C F3 00 80 00 80
I 000000 02 81 20 11 00 0D 00 90 00 A1 3F 00 00 0F 96 FD 0D F1 00 80 00 80
I 000000 02 81 20 11 00 0D 00 90 00 A1 3F 00 00 0F FF FF C2 E0 00 80 00 80
I 000000 02 81 20 11 00 0D 00 90 00 A1 3F 00 00 0F FF FF 30 D3 00 80 00 80
I 000000 02 81 20 11 00 0D 00 90 00 A1 3F 00 00 0F FF FF 1F C2 00 80 00 80
I 000000 02 81 20 11 00 0D 00 90 00 A1 3F 00 00 0F FF FF D9 B1 00 80 00 80
I 000000 02 81 20 11 00 0D 00 90 00 A1 3F 00 00 0F FF FF 59 8D 00 80 00 80
I 000000 02 81 20 11 00 0D 00 90 00 A1 3F 00 00 0F FF FF 3C 82 00 80 00 80
I 000000 02 81 20 11 00 0D 00 90 00 A1 3F 00 00 0F FF FF 00 80 00 80 00 80
I 000000 02 81 20 11 00 0D 00 90 00 A1 3F 00 00 0F FF FF 00 80 00 80 00 80
I 000000 02 81 20 11 00 0D 00 90 00 A1 3F 00 00 0F FF FF 00 80 00 80 00 80
I 000000 02 81 20 11 00 0D 00 90 00 A1 3F 00 00 0F FF FF 00 80 00 80 00 80
I 000000 02 81 20 11 00 0D 00 90 00 A1 3F 00 00 0F FF FF 00 80 00 80 00 80
I 000000 02 81 20 11 00 0D 00 90 00 A1 3F 00 00 0F FF FF 00 80 00 80 00 80
I 000000 02 81 20 11 00 0D 00 90 00 A1 3F 00 00 0F FF FF 8F 7B 00 80 00 80
I 000000 02 81 20 11 00 0D 00 90 00 A1 3F 00 00 0F FF FF 2F 6F 00 80 00 80
I 000000 02 81 20 11 00 0D 00 90 00 A1 3F 00 00 0F FF FF ED 6A 00 80 00 80
I 000000 02 81 20 11 00 0D 00 90 00 A1 3F 00 00 0F FF FF 5A 63 00 80 00 80
I 000000 02 81 20 11 00 0D 00 90 00 A1 3F 00 00 0F FF FF A4 50 00 80 00 80
I 000000 02 81 20 11 00 0D 00 90 00 A1 3F 00 00 0F FF FF 70 40 00 80 00 80
I 000000 02 81 20 11 00 0D 00 90 00 A1 3F 00 00 0F FF FF 7B 33 00 80 00 80
I 000000 02 81 20 11 00 0D 00 90 00 A1 3F 00 00 0F FF FF FC 1E 00 80 00 80
I 000000 02 81 20 11 00 0D 00 90 00 A1 3F 00 00 0F FF FF F5 00 00 80 00 80
I 000000 02 81 20 11 00 0D 00 90 00 A1 3F 00 00 0F FF FF D2 00 00 80 00 80
I 000000 02 81 20 11 00 0D 00 90 00 A1 3F 00 00 0F FF FF 8C 00 00 80 00 80
I 000000 02 81 20 11 00 0D 00 90 00 A1 3F 00 00 0F FF FF 8C 00 00 80 00 80
I 000000 02 81 20 11 00 0D 00 90 00 A1 3F 00 00 0F FF FF 8C 00 00 80 00 80
I 000000 02 81 20 11 00 0D 00 90 00 A1 3F 00 00 0F FF FF 8C 00 00 80 00 80
I 000000 02 81 20 11 00 0D 00 90 00 A1 3F 00 00 0F DC FC 00 00 00 80 00 80
I 000000 02 81 20 11 00 0D 00 90 00 A1 3F 00 00 0F C2 F6 00 00 00 80 00 80
I 000000 02 81 20 11 00 0D 00 90 00 A1 3F 00 00 0F 61 EB 00 00 00 80 00 80
I 000000 02 81 20 11 00 0D 00 90 00 A1 3F 00 00 0F 04 D6 00 00 00 80 00 80
I 000000 02 81 20 11 00 0D 00 90 00 A1 3F 00 00 0F 88 A3 00 00 00 80 00 80
I 000000 02 81 20 11 00 0D 00 90 00 A1 3F 00 00 0F 2C 88 00 00 00 80 00 80
I 000000 02 81 20 11 00 0D 00 90 00 A1 3F 00 00 0F 00 80 00 00 00 80 00 80
I 000000 02 81 20 11 00 0D 00 90 00 A1 3F 00 00 0F 00 80 00 00 00 80 00 80
I 000000 02 81 20 11 00 0D 00 90 00 A1 3F 00 00 0F 00 80 00 00 00 80 00 80
I 000000 02 81 20 11 00 0D 00 90 00 A1 3F 00 00 0F 00 80 00 00 00 80 00 80
I 000000 02 81 20 11 00 0D 00 90 00 A1 3F 00 00 0F 93 7E 00 00 00 80 00 80
I 000000 02 81 20 11 00 0D 00 90 00 A1 3F 00 00 0F 3D 6F 00 00 00 80 00 80
I 000000 02 81 20 11 00 0D 00 90 00 A1 3F 00 00 0F A6 61 00 00 00 80 00 80
I 000000 02 81 20 11 00 0D 00 90 00 A1 3F 00 00 0F 1B 51 00 00 00 80 00 80
I 000000 02 81 20 11 00 0D 00 90 00 A1 3F 00 00 0F 6C 2E 00 00 00 80 00 80
I 000000 02 81 20 11 00 0D 00 90 00 A1 3F 00 00 0F 73 12 1E 07 00 80 00 80
I 000000 02 81 20 11 00 0D 00 90 00 A1 3F 00 00 0F 39 10 9D 0F 00 80 00 80
I 000000 02 81 20 11 00 0D 00 90 00 A1 3F 00 00 0F D3 0B 38 16 00 80 00 80
I 000000 02 81 20 11 00 0D 00 90 00 A1 3F 00 00 0F 1B 08 56 21 00 80 00 80
I 000000 02 81 20 11 00 0D 00 90 00 A1 3F 00 00 0F D8 04 C4 32 00 80 00 80
I 000000 02 81 20 11 00 0D 00 90 00 A1 3F 00 00 0F 00 00 C1 52 00 80 00 80
I 000000 02 81 20 11 00 0D 00 90 00 A1 3F 00 00 0F 00 00 00 80 00 80 00 80
I 000000 02 81 20 11 00 0D 00 90 00 A1 3F 00 00 0F 00 00 00 80 00 80 00 80
I 000000 02 81 20 11 00 0D 00 90 00 A1 3F 00 00 0F 00 00 00 80 00 80 00 80
I 000000 02 81 20 11 00 0D 00 90 00 A1 3F 00 00 0F 00 00 40 92 00 80 00 80
I 000000 02 81 20 11 00 0D 00 90 00 A1 3F 00 00 0F 00 00 A3 AD 00 80 00 80
I 000000 02 81 20 11 00 0D 00 90 00 A1 3F 00 00 0F A8 04 76 EA 00 80 00 80
I 000000 02 81 20 11 00 0D 00 90 00 A1 3F 00 00 0F E3 11 72 F8 00 80 00 80
I 000000 02 81 20 11 00 0D 00 90 00 A1 3F 00 00 0F 36 13 5C F9 00 80 00 80
I 000000 02 81 20 11 00 0D 00 90 00 A1 3F 00 00 0F 35 21 F7 FF 00 80 00 80
I 000000 02 81 20 11 00 0D 00 90 00 A1 3F 00 00 0F D1 2F FF FF 00 80 00 80
I 000000 02 81 20 11 00 0D 00 90 00 A1 3F 00 00 0F F4 38 FF FF 00 80 00 80
I 000000 02 81 20 11 00 0D 00 90 00 A1 3F 00 00 0F EE 45 FF FF 00 80 00 80
I 000000 02 81 20 11 00 0D 00 90 00 A1 3F 00 00 0F 44 55 FF FF 00 80 00 80
I 000000 02 81 20 11 00 0D 00 90 00 A1 3F 00 00 0F 5C 61 FF FF 00 80 00 80
I 000000 02 81 20 11 00 0D 00 90 00 A1 3F 00 00 0F B9 6C FF FF 00 80 00 80
I 000000 02 81 20 11 00 0D 00 90 00 A1 3F 00 00 0F 00 80 FF FF 00 80 00 80
I 000000 02 81 20 11 00 0D 00 90 00 A1 3F 00 00 0F 00 80 FF FF 00 80 00 80
I 000000 02 81 20 11 00 0D 00 90 00 A1 3F 00 00 0F 00 80 FF FF 00 80 00 80
I 000000 02 81 20 11 00 0D 00 90 00 A1 3F 00 00 0F 00 80 FF FF 00 80 00 80
I 000000 02 81 20 11 00 0D 00 90 00 A1 3F 00 00 0F 00 80 FF FF 00 80 00 80
I 000000 02 81 20 11 00 0D 00 90 00 A1 3F 00 00 0F 88 85 FF FF 00 80 00 80
I 000000 02 81 20 11 00 0D 00 90 00 A1 3F 00 00 0F 9A 8E FF FF 00 80 00 80
I 000000 02 81 20 11 00 0D 00 90 00 A1 3F 00 00 0F 00 BE FF FF 00 80 00 80
I 000000 02 81 20 11 00 0D 00 90 00 A1 3F 00 00 0F 30 CB FF FF 00 80 00 80
I 000000 02 81 20 11 00 0D 00 90 00 A1 3F 00 00 0F 23 FB 10 F3 00 80 00 80
I 000000 02 81 20 11 00 0D 00 90 00 A1 3F 00 00 0F E9 FB 14 F3 00 80 00 80
I 000000 02 81 20 11 00 0D 00 90 00 A1 3F 00 00 0F 1E FC 1D F3 00 80 00 80
I 000000 02 81 20 11 00 0D 00 90 00 A1 3F 00 00 0F 27 FC 10 F3 00 80 00 80
I 000000 02 81 20 11 00 0D 00 90 00 A1 3F 00 00 0F D8 FC 90 F2 00 80 00 80
I 000000 02 81 20 11 00 0D 00 90 00 A1 3F 00 00 0F 6E FE 23 F0 00 80 00 80
I 000000 02 81 20 11 00 0D 00 90 00 A1 3F 00 00 0F FF FF 9A E2 00 80 00 80
I 000000 02 81 20 11 00 0D 00 90 00 A1 3F 00 00 0F FF FF 54 D2 00 80 00 80
I 000000 02 81 20 11 00 0D 00 90 00 A1 3F 00 00 0F FF FF 65 A5 00 80 00 80
I 000000 02 81 20 11 00 0D 00 90 00 A1 3F 00 00 0F FF FF E2 94 00 80 00 80
I 000000 02 81 20 11 00 0D 00 90 00 A1 3F 00 00 0F FF FF 00 80 00 80 00 80
I 000000 02 81 20 11 00 0D 00 90 00 A1 3F 00 00 0F FF FF 00 80 00 80 00 80
I 000000 02 81 20 11 00 0D 00 90 00 A1 3F 00 00 0F FF FF 00 80 00 80 00 80
I 000000 02 81 20 11 00 0D 00 90 00 A1 3F 00 00 0F FF FF 00 80 00 80 00 80
I 000000 02 81 20 11 00 0D 00 90 00 A1 3F 00 00 0F FF FF 00 80 00 80 00 80
I 000000 02 81 20 11 00 0D 00 90 00 A1 3F 00 00 0F FF FF 00 80 00 80 00 80
I 000000 02 81 20 11 00 0D 00 90 00 A1 3F 00 00 0F FF FF 68 7B 00 80 00 80
I 000000 02 81 20 11 00 0D 00 90 00 A1 3F 00 00 0F FF FF B5 6E 00 80 00 80
I 000000 02 81 20 11 00 0D 00 90 00 A1 3F 00 00 0F FF FF 66 6A 00 80 00 80
I 000000 02 81 20 11 00 0D 00 90 00 A1 3F 00 00 0F FF FF 8E 5F 00 80 00 80
I 000000 02 81 20 11 00 0D 00 90 00 A1 3F 00 00 0F FF FF DE 3D 00 80 00 80
I 000000 02 81 20 11 00 0D 00 90 00 A1 3F 00 00 0F FF FF BC 2B 00 80 00 80
I 000000 02 81 20 11 00 0D 00 90 00 A1 3F 00 00 0F FF FF 9C 12 00 80 00 80
I 000000 02 81 20 11 00 0D 00 90 00 A1 3F 00 00 0F FF FF 59 01 00 80 00 80
I 000000 02 81 20 11 00 0D 00 90 00 A1 3F 00 00 0F FF FF 13 01 00 80 00 80
I 000000 02 81 20 11 00 0D 00 90 00 A1 3F 00 00 0F FF FF EC 00 00 80 00 80
I 000000 02 81 20 11 00 0D 00 90 00 A1 3F 00 00 0F 77 F9 00 00 00 80 00 80
I 000000 02 81 20 11 00 0D 00 90 00 A1 3F 00 00 0F 53 F1 00 00 00 80 00 80
I 000000 02 81 20 11 00 0D 00 90 00 A1 3F 00 00 0F 65 BB 00 00 00 80 00 80
I 000000 02 81 20 11 00 0D 00 90 00 A1 3F 00 00 0F BD A2 00 00 00 80 00 80
I 000000 02 81 20 11 00 0D 00 90 00 A1 3F 00 00 0F 00 80 00 00 00 80 00 80
I 000000 02 81 20 11 00 0D 00 90 00 A1 3F 00 00 0F 00 80 00 00 00 80 00 80
I 000000 02 81 20 11 00 0D 00 90 00 A1 3F 00 00 0F 00 80 00 00 00 80 00 80
I 000000 02 81 20 11 00 0D 00 90 00 A1 3F 00 00 0F 00 80 00 00 00 80 00 80
I 000000 02 81 20 11 00 0D 00 90 00 A1 3F 00 00 0F 00 80 00 00 00 80 00 80
I 000000 02 81 20 11 00 0D 00 90 00 A1 3F 00 00 0F 00 80 00 00 00 80 00 80
I 000000 02 81 20 11 00 0D 00 90 00 A1 3F 00 00 0F 85 54 00 00 00 80 00 80
I 000000 02 81 20 11 00 0D 00 90 00 A1 3F 00 00 0F EE 45 00 00 00 80 00 80
I 000000 02 81 20 11 00 0D 00 90 00 A1 3F 00 00 0F F2 34 00 00 00 80 00 80
I 000000 02 81 20 11 00 0D 00 90 00 A1 3F 00 00 0F 0F 23 00 00 00 80 00 80
I 000000 02 81 20 11 00 0D 00 90 00 A1 3F 00 00 0F 5E 14 99 04 00 80 00 80
I 000000 02 81 20 11 00 0D 00 90 00 A1 3F 00 00 0F 67 05 82 31 00 80 00 80
I 000000 02 81 20 11 00 0D 00 90 00 A1 3F 00 00 0F 00 00 88 56 00 80 00 80
I 000000 02 81 20 11 00 0D 00 90 00 A1 3F 00 00 0F 00 00 00 80 00 80 00 80
I 000000 02 81 20 11 00 0D 00 90 00 A1 3F 00 00 0F 00 00 00 80 00 80 00 80
I 000000 02 81 20 11 00 0D 00 90 00 A1 3F 00 00 0F 00 00 00 80 00 80 00 80
I 000000 02 81 20 11 00 0D 00 90 00 A1 3F 00 00 0F 00 00 31 8D 00 80 00 80
I 000000 02 81 20 11 00 0D 00 90 00 A1 3F 00 00 0F B4 12 7A F9 00 80 00 80
I 000000 02 81 20 11 00 0D 00 90 00 A1 3F 00 00 0F A2 1A 04 FF 00 80 00 80
I 000000 02 81 20 11 00 0D 00 90 00 A1 3F 00 00 0F 3A 29 FF FF 00 80 00 80
I 000000 02 81 20 11 00 0D 00 90 00 A1 3F 00 00 0F B8 49 FF FF 00 80 00 80
I 000000 02 81 20 11 00 0D 00 90 00 A1 3F 00 00 0F 4E 57 FF FF 00 80 00 80
I 000000 02 81 20 11 00 0D 00 90 00 A1 3F 00 00 0F F3 6F FF FF 00 80 00 80
I 000000 02 81 20 11 00 0D 00 90 00 A1 3F 00 00 0F B6 7E FF FF 00 80 00 80
I 000000 02 81 20 11 00 0D 00 90 00 A1 3F 00 00 0F 00 80 FF FF 00 80 00 80
I 000000 02 81 20 11 00 0D 00 90 00 A1 3F 00 00 0F 00 80 FF FF 00 80 00 80
I 000000 02 81 20 11 00 0D 00 90 00 A1 3F 00 00 0F 8D 81 FF FF 00 80 00 80
I 000000 02 81 20 11 00 0D 00 90 00 A1 3F 00 00 0F C2 A9 FF FF 00 80 00 80
I 000000 02 81 20 11 00 0D 00 90 00 A1 3F 00 00 0F 4F C5 FF FF 00 80 00 80
I 000000 02 81 20 11 00 0D 00 90 00 A1 3F 00 00 0F FF FF 57 EB 00 80 00 80
I 000000 02 81 20 11 00 0D 00 90 00 A1 3F 00 00 0F FF FF 86 B8 00 80 00 80
I 000000 02 81 20 11 00 0D 00 90 00 A1 3F 00 00 0F FF FF EE 8E 00 80 00 80
I 000000 02 81 20 11 00 0D 00 90 00 A1 3F 00 00 0F FF FF 00 80 00 80 00 80
I 000000 02 81 20 11 00 0D 00 90 00 A1 3F 00 00 0F FF FF 00 80 00 80 00 80
I 000000 02 81 20 11 00 0D 00 90 00 A1 3F 00 00 0F FF FF 00 80 00 80 00 80
I 000000 02 81 20 11 00 0D 00 90 00 A1 3F 00 00 0F FF FF 00 80 00 80 00 80
I 000000 02 81 20 11 00 0D 00 90 00 A1 3F 00 00 0F FF FF 6A 3B 00 80 00 80
I 000000 02 81 20 11 00 0D 00 90 00 A1 3F 00 00 0F FF FF 70 25 00 80 00 80
I 000000 02 81 20 11 00 0D 00 90 00 A1 3F 00 00 0F FF FF 1B 00 00 80 00 80
I 000000 02 81 20 11 00 0D 00 90 00 A1 3F 00 00 0F FF FF 23 00 00 80 00 80
I 000000 02 81 20 11 00 0D 00 90 00 A1 3F 00 00 0F 65 FE 00 00 00 80 00 80
I 000000 02 81 20 11 00 0D 00 90 00 A1 3F 00 00 0F 69 F4 00 00 00 80 00 80
I 000000 02 81 20 11 00 0D 00 90 00 A1 3F 00 00 0F FB EB 00 00 00 80 00 80
I 000000 02 81 20 11 00 0D 00 90 00 A1 3F 00 00 0F E5 D3 00 00 00 80 00 80
I 000000 02 81 20 11 00 0D 00 90 00 A1 3F 00 00 0F 65 BF 00 00 00 80 00 80
I 000000 02 81 20 11 00 0D 00 90 00 A1 3F 00 00 0F 1A B4 00 00 00 80 00 80
I 000000 02 81 20 11 00 0D 00 90 00 A1 3F 00 00 0F 9E 96 00 00 00 80 00 80
I 000000 02 81 20 11 00 0D 00 90 00 A1 3F 00 00 0F 7B 8E 00 00 00 80 00 80
I 000000 02 81 20 11 00 0D 00 90 00 A1 3F 00 00 0F 5C 8A 00 00 00 80 00 80
I 000000 02 81 20 11 00 0D 00 90 00 A1 3F 00 00 0F CB 84 00 00 00 80 00 80
I 000000 02 81 20 11 00 0D 00 90 00 A1 3F 00 00 0F 4F 83 00 00 00 80 00 80
I 000000 02 81 20 11 00 0D 00 90 00 A1 3F 00 00 0F 84 82 88 10 00 80 00 80
I 000000 02 81 20 11 00 0D 00 90 00 A1 3F 00 00 0F 00 80 00 80 00 80 00 80
I 000000 02 81 20 11 00 0D 00 90 00 A1 3F 00 00 0F 00 80 00 80 00 80 00 80
I 000000 02 81 20 11 00 0D 00 90 00 A1 3F 00 00 0F 00 80 00 80 00 80 00 80
I 000000 02 81 20 11 00 0D 00 90 00 A1 3F 00 00 0F 00 80 00 80 00 80 00 80
I 000000 02 81 20 11 00 0D 00 90 00 A1 3F 00 00 0F 00 80 00 80 00 80 00 80
I 000000 02 81 20 11 00 0D 00 90 00 A1 3F 00 00 0F 00 80 00 80 00 80 00 80
# bt_host_disconnect_all BOOT SW pressed, DISCONN all devices!
# bt_hci_cmd_disconnect
O 000000 01 06 04 03 81 00 15
I 000000 04 0F 04 00 05 06 04
# BT_HCI_EVT_CMD_STATUS
I 000000 04 14 06 00 81 00 00 00 00
I 000000 04 05 04 00 81 00 16
# BT_HCI_EVT_DISCONN_COMPLETE
# DISCONN from dev: 0
# bt_hci_cmd_le_set_scan_enable
# bt_hci_cmd_le_set_scan_param_active
# bt_hci_cmd_le_set_scan_enable
# bt_hci_cmd_periodic_inquiry
# bt_hci_cmd_le_set_adv_enable
O 000000 01 0C 20 02 00 01
I 000000 04 0E 04 05 0C 20 00
# BT_HCI_EVT_CMD_COMPLETE
O 000000 01 0B 20 07 01 24 00 12 00 00 00
I 000000 04 0E 04 05 0B 20 00
# BT_HCI_EVT_CMD_COMPLETE
O 000000 01 0C 20 02 01 01
I 000000 04 0E 04 05 0C 20 00
# BT_HCI_EVT_CMD_COMPLETE
O 000000 01 03 04 09 0A 00 08 00 33 8B 9E 03 FF
I 000000 04 0E 04 05 03 04 00
# BT_HCI_EVT_CMD_COMPLETE
O 000000 01 0A 20 01 01
I 000000 04 0E 04 05 0A 20 00
# BT_HCI_EVT_CMD_COMPLETE
I 000000 04 3E 19 02 01 00 01 EA 87 FC F2 4B 56 0D 02 01 02 03 03 50 FE 05 16 50 FE EA 1A B1
# BT_HCI_EVT_LE_ADVERTISING_REPORT
I 000000 04 3E 2B 02 01 03 01 4D 05 E4 E5 16 0F 1F 1E FF 06 00 01 0F 20 02 A2 E4 74 0E CB 6B 34 75 27 03 BF 5E 34 B0 C8 B6 1F 42 0D D8 07 FD 7E CF
# BT_HCI_EVT_LE_ADVERTISING_REPORT
I 000000 04 3E 28 02 01 02 01 AA 32 1B 01 0A 5C 1C 03 03 9F FE 17 16 9F FE 00 00 00 00 00 00 00 00 00 00 00 00 00 00 00 00 00 00 00 00 C1
# BT_HCI_EVT_LE_ADVERTISING_REPORT
I 000000 04 3E 16 02 01 04 01 AA 32 1B 01 0A 5C 0A 09 FF E0 00 56 CB CA 82 5B 44 C1
# BT_HCI_EVT_LE_ADVERTISING_REPORT
I 000000 04 3E 28 02 01 02 01 1C 2A DB C9 39 59 1C 03 03 9F FE 17 16 9F FE 00 00 00 00 00 00 00 00 00 00 00 00 00 00 00 00 00 00 00 00 A6
# BT_HCI_EVT_LE_ADVERTISING_REPORT
I 000000 04 3E 16 02 01 04 01 1C 2A DB C9 39 59 0A 09 FF E0 00 32 AE CA 32 83 3D A6
# BT_HCI_EVT_LE_ADVERTISING_REPORT
I 000000 04 3E 0C 02 01 04 01 EA 87 FC F2 4B 56 00 B5
# BT_HCI_EVT_LE_ADVERTISING_REPORT
I 000000 04 3E 1D 02 01 00 01 7C 90 38 2C F0 5C 11 02 01 1A 02 0A 0C 0A FF 4C 00 10 05 41 1C 7C 69 47 A9
# BT_HCI_EVT_LE_ADVERTISING_REPORT
I 000000 04 3E 1D 02 01 00 00 20 A3 69 CD 69 C8 11 02 01 1A 02 0A 0C 0A FF 4C 00 10 05 09 14 23 39 7C A3
# BT_HCI_EVT_LE_ADVERTISING_REPORT
I 000000 04 3E 0C 02 01 04 01 7C 90 38 2C F0 5C 00 A8
# BT_HCI_EVT_LE_ADVERTISING_REPORT
I 000000 04 3E 1D 02 01 00 00 36 12 57 EC B3 F0 11 02 01 1A 02 0A 04 0A FF 4C 00 10 05 01 10 F2 88 78 CE
# BT_HCI_EVT_LE_ADVERTISING_REPORT
I 000000 04 3E 0C 02 01 04 00 36 12 57 EC B3 F0 00 CE
# BT_HCI_EVT_LE_ADVERTISING_REPORT
I 000000 04 3E 1F 02 01 00 01 D1 21 05 4F 71 4E 13 02 01 1A 02 0A 08 0C FF 4C 00 10 07 33 1B 4B 8D E1 EA 28 9E
# BT_HCI_EVT_LE_ADVERTISING_REPORT
I 000000 04 3E 0C 02 01 04 01 D1 21 05 4F 71 4E 00 9C
# BT_HCI_EVT_LE_ADVERTISING_REPORT
I 000000 04 3E 1B 02 01 03 01 87 4D B4 2E D2 28 0F 02 01 1A 0B FF 4C 00 09 06 03 C7 C0 A8 56 D5 D0
# BT_HCI_EVT_LE_ADVERTISING_REPORT
I 000000 04 3E 28 02 01 02 01 5C 83 79 58 E7 40 1C 03 03 9F FE 17 16 9F FE 00 00 00 00 00 00 00 00 00 00 00 00 00 00 00 00 00 00 00 00 BD
# BT_HCI_EVT_LE_ADVERTISING_REPORT
I 000000 04 3E 16 02 01 04 01 5C 83 79 58 E7 40 0A 09 FF E0 00 56 19 CA 90 F4 40 BE
# BT_HCI_EVT_LE_ADVERTISING_REPORT
I 000000 04 3E 1E 02 01 00 01 7E 16 9E 51 D8 73 12 02 01 1A 02 0A 0C 0B FF 4C 00 10 06 06 1A B6 55 39 25 9C
# BT_HCI_EVT_LE_ADVERTISING_REPORT
# bt_hci_cmd_exit_periodic_inquiry
O 000000 01 04 04 00
I 000000 04 0E 04 05 04 04 00
# BT_HCI_EVT_CMD_COMPLETE
# bt_hci_cmd_le_set_scan_enable
O 000000 01 0C 20 02 00 01
I 000000 04 0E 04 05 0C 20 00
# BT_HCI_EVT_CMD_COMPLETE
# bt_hci_cmd_le_set_scan_param_passive
O 000000 01 0B 20 07 00 00 04 12 00 00 01
I 000000 04 0E 04 05 0B 20 00
# BT_HCI_EVT_CMD_COMPLETE
# bt_hci_cmd_le_set_scan_enable
O 000000 01 0C 20 02 01 01
I 000000 04 0E 04 05 0C 20 00
# BT_HCI_EVT_CMD_COMPLETE
