# bt_hci_cmd_reset
O 000000 01 03 0C 00
I 000000 04 0E 04 05 03 0C 00
# BT_HCI_EVT_CMD_COMPLETE
# bt_hci_cmd_read_local_features
O 000000 01 03 10 00
I 000000 04 0E 0C 05 03 10 00 BF EE CD FE DB FF 7B 87
# BT_HCI_EVT_CMD_COMPLETE
# bt_hci_cmd_read_local_version_info
O 000000 01 01 10 00
I 000000 04 0E 0C 05 01 10 00 08 0E 03 08 60 00 0E 03
# BT_HCI_EVT_CMD_COMPLETE
# bt_hci_cmd_read_bd_addr
O 000000 01 09 10 00
I 000000 04 0E 0A 05 09 10 00 2E C3 E0 BD 9E 7C
# BT_HCI_EVT_CMD_COMPLETE
# local_name: BlueRetro_N64_C32E
# local_bdaddr: 7C:9E:BD:E0:C3:2E
# bt_hci_cmd_read_buffer_size
O 000000 01 05 10 00
I 000000 04 0E 0B 05 05 10 00 FD 03 FF 09 00 04 00
# BT_HCI_EVT_CMD_COMPLETE
# bt_hci_cmd_read_class_of_device
O 000000 01 23 0C 00
I 000000 04 0E 07 05 23 0C 00 00 00 00
# BT_HCI_EVT_CMD_COMPLETE
# bt_hci_cmd_read_local_name
O 000000 01 14 0C 00
I 000000 04 0E FC 05 14 0C 00 00 00 00 00 00 00 00 00 00 00 00 00 00 00 00 00 00 00 00 00 00 00 00 00 00 00 00 00 00 00 00 00 00 00 00 00 00 00 00 00 00 00 00 00 00 00 00 00 00 00 00 00 00 00 00 00 00 00 00 00 00 00 00 00 00 00 00 00 00 00 00 00 00 00 00 00 00 00 00 00 00 00 00 00 00 00 00 00 00 00 00 00 00 00 00 00 00 00 00 00 00 00 00 00 00 00 00 00 00 00 00 00 00 00 00 00 00 00 00 00 00 00 00 00 00 00 00 00 00 00 00 00 00 00 00 00 00 00 00 00 00 00 00 00 00 00 00 00 00 00 00 00 00 00 00 00 00 00 00 00 00 00 00 00 00 00 00 00 00 00 00 00 00 00 00 00 00 00 00 00 00 00 00 00 00 00 00 00 00 00 00 00 00 00 00 00 00 00 00 00 00 00 00 00 00 00 00 00 00 00 00 00 00 00 00 00 00 00 00 00 00 00 00 00 00 00 00 00 00 00 00 00 00 00 00 00 00 00 00 00 00 00 00 00 00 00 00 00
# BT_HCI_EVT_CMD_COMPLETE
# bt_hci_cmd_read_voice_setting
O 000000 01 25 0C 00
I 000000 04 0E 06 05 25 0C 00 00 00
# BT_HCI_EVT_CMD_COMPLETE
# bt_hci_cmd_read_num_supported_iac
O 000000 01 38 0C 00
I 000000 04 0E 05 05 38 0C 00 01
# BT_HCI_EVT_CMD_COMPLETE
# bt_hci_cmd_read_current_iac_lap
O 000000 01 39 0C 00
I 000000 04 0E 08 05 39 0C 00 01 33 8B 9E
# BT_HCI_EVT_CMD_COMPLETE
# bt_hci_cmd_set_event_filter
O 000000 01 05 0C 01 00
I 000000 04 0E 04 05 05 0C 00
# BT_HCI_EVT_CMD_COMPLETE
# bt_hci_cmd_write_conn_accept_timeout
O 000000 01 16 0C 02 00 7D
I 000000 04 0E 04 05 16 0C 00
# BT_HCI_EVT_CMD_COMPLETE
# bt_hci_cmd_read_supported_commands
O 000000 01 02 10 00
I 000000 04 0E 44 05 02 10 00 BF FF FF 03 CC FF EF FF 3F FF FC 1F F2 0F E8 FE 3F F7 8F FF 1C 00 04 00 61 F7 FF FF 7F 38 C0 FF 7F FF FF 0F 00 00 00 00 00 00 00 00 00 00 00 00 00 00 00 00 00 00 00 00 00 00 00 00 00 00 00 00
# BT_HCI_EVT_CMD_COMPLETE
# bt_hci_cmd_write_ssp_mode
O 000000 01 56 0C 01 01
I 000000 04 0E 04 05 56 0C 00
# BT_HCI_EVT_CMD_COMPLETE
# bt_hci_cmd_write_inquiry_mode
O 000000 01 45 0C 01 02
I 000000 04 0E 04 05 45 0C 00
# BT_HCI_EVT_CMD_COMPLETE
# bt_hci_cmd_read_inquiry_rsp_tx_pwr_lvl
O 000000 01 58 0C 00
I 000000 04 0E 05 05 58 0C 00 F4
# BT_HCI_EVT_CMD_COMPLETE
# bt_hci_cmd_read_local_ext_features
O 000000 01 04 10 01 01
I 000000 04 0E 0E 05 04 10 00 01 02 01 00 00 00 00 00 00 00
# BT_HCI_EVT_CMD_COMPLETE
# bt_hci_cmd_read_stored_link_key
O 000000 01 0D 0C 07 00 00 00 00 00 00 01
I 000000 04 0E 08 05 0D 0C 00 08 00 00 00
# BT_HCI_EVT_CMD_COMPLETE
# bt_hci_cmd_read_page_scan_activity
O 000000 01 1B 0C 00
I 000000 04 0E 08 05 1B 0C 00 00 08 12 00
# BT_HCI_EVT_CMD_COMPLETE
# bt_hci_cmd_read_page_scan_type
O 000000 01 46 0C 00
I 000000 04 0E 05 05 46 0C 00 00
# BT_HCI_EVT_CMD_COMPLETE
# bt_hci_cmd_write_le_host_supp
O 000000 01 6D 0C 02 01 00
I 000000 04 0E 04 05 6D 0C 00
# BT_HCI_EVT_CMD_COMPLETE
# bt_hci_cmd_le_read_wl_size
O 000000 01 0F 20 00
I 000000 04 0E 05 05 0F 20 00 0C
# BT_HCI_EVT_CMD_COMPLETE
# bt_hci_cmd_le_clear_wl
O 000000 01 10 20 00
I 000000 04 0E 04 05 10 20 00
# BT_HCI_EVT_CMD_COMPLETE
# bt_hci_cmd_le_add_dev_to_wl
O 000000 01 11 20 07 00 20 A4 52 22 16 44
I 000000 04 0E 04 05 11 20 00
# BT_HCI_EVT_CMD_COMPLETE
# bt_hci_cmd_le_add_dev_to_wl
O 000000 01 11 20 07 00 B7 58 96 5F C6 EE
I 000000 04 0E 04 05 11 20 00
# BT_HCI_EVT_CMD_COMPLETE
# bt_hci_cmd_delete_stored_link_key
O 000000 01 12 0C 07 00 00 00 00 00 00 01
I 000000 04 0E 06 05 12 0C 00 00 00
# BT_HCI_EVT_CMD_COMPLETE
# bt_hci_cmd_write_class_of_device
O 000000 01 24 0C 03 0C 01 1C
I 000000 04 0E 04 05 24 0C 00
# BT_HCI_EVT_CMD_COMPLETE
# bt_hci_cmd_write_local_name
O 000000 01 13 0C F8 42 6C 75 65 52 65 74 72 6F 20 41 64 61 70 74 65 72 00 00 00 00 00 00 00 00 00 00 00 00 00 00 00 00 00 00 00 00 00 00 00 00 00 00 00 00 00 00 00 00 00 00 00 00 00 00 00 00 00 00 00 00 00 00 00 00 00 00 00 00 00 00 00 00 00 00 00 00 00 00 00 00 00 00 00 00 00 00 00 00 00 00 00 00 00 00 00 00 00 00 00 00 00 00 00 00 00 00 00 00 00 00 00 00 00 00 00 00 00 00 00 00 00 00 00 00 00 00 00 00 00 00 00 00 00 00 00 00 00 00 00 00 00 00 00 00 00 00 00 00 00 00 00 00 00 00 00 00 00 00 00 00 00 00 00 00 00 00 00 00 00 00 00 00 00 00 00 00 00 00 00 00 00 00 00 00 00 00 00 00 00 00 00 00 00 00 00 00 00 00 00 00 00 00 00 00 00 00 00 00 00 00 00 00 00 00 00 00 00 00 00 00 00 00 00 00 00 00 00 00 00 00 00 00 00 00 00 00 00 00 00 00 00 00 00 00 00 00 00
I 000000 04 0E 04 05 13 0C 00
# BT_HCI_EVT_CMD_COMPLETE
# bt_hci_cmd_set_event_filter
O 000000 01 05 0C 08 01 01 00 05 00 00 1F 00
I 000000 04 0E 04 05 05 0C 00
# BT_HCI_EVT_CMD_COMPLETE
# bt_hci_cmd_set_event_filter
O 000000 01 05 0C 09 02 01 00 05 00 00 1F 00 01
I 000000 04 0E 04 05 05 0C 00
# BT_HCI_EVT_CMD_COMPLETE
# bt_hci_cmd_write_auth_enable
O 000000 01 20 0C 01 00
I 000000 04 0E 04 05 20 0C 00
# BT_HCI_EVT_CMD_COMPLETE
# bt_hci_cmd_set_event_mask
O 000000 01 01 0C 08 FF FF FB FF 07 F8 BF 3D
I 000000 04 0E 04 05 01 0C 00
# BT_HCI_EVT_CMD_COMPLETE
# bt_hci_cmd_write_page_scan_activity
O 000000 01 1C 0C 04 50 00 12 00
I 000000 04 0E 04 05 1C 0C 00
# BT_HCI_EVT_CMD_COMPLETE
# bt_hci_cmd_write_inquiry_scan_activity
O 000000 01 1E 0C 04 50 00 12 00
I 000000 04 0E 04 05 1E 0C 00
# BT_HCI_EVT_CMD_COMPLETE
# bt_hci_cmd_write_page_scan_type
O 000000 01 47 0C 01 01
I 000000 04 0E 04 05 47 0C 00
# BT_HCI_EVT_CMD_COMPLETE
# bt_hci_cmd_write_page_scan_timeout
O 000000 01 18 0C 02 00 20
I 000000 04 0E 04 05 18 0C 00
# BT_HCI_EVT_CMD_COMPLETE
# bt_hci_cmd_write_hold_mode_act
O 000000 01 2C 0C 01 00
I 000000 04 0E 04 05 2C 0C 01
# BT_HCI_EVT_CMD_COMPLETE
# bt_hci_cmd_write_scan_enable
O 000000 01 1A 0C 01 02
I 000000 04 0E 04 05 1A 0C 00
# BT_HCI_EVT_CMD_COMPLETE
# bt_hci_cmd_write_default_link_policy
O 000000 01 0F 08 02 0F 00
I 000000 04 0E 04 05 0F 08 00
# BT_HCI_EVT_CMD_COMPLETE
# bt_hci_cmd_le_read_buffer_size
O 000000 01 02 20 00
I 000000 04 0E 07 05 02 20 00 FB 00 0A
# BT_HCI_EVT_CMD_COMPLETE
# bt_att_set_le_max_mtu 247
# bt_hci_cmd_le_set_adv_param
O 000000 01 06 20 0F A0 00 A0 00 00 00 00 00 00 00 00 00 00 07 00
I 000000 04 0E 04 05 06 20 00
# BT_HCI_EVT_CMD_COMPLETE
# bt_hci_cmd_le_set_adv_data
O 000000 01 08 20 20 1B 02 01 06 03 02 0F 18 13 09 42 6C 75 65 52 65 74 72 6F 5F 4E 36 34 5F 43 33 32 45 00 00 00 00
I 000000 04 0E 04 05 08 20 00
# BT_HCI_EVT_CMD_COMPLETE
# bt_hci_cmd_le_set_scan_rsp_data
O 000000 01 09 20 20 12 11 07 56 9A 79 76 A1 2F 4B 31 B0 FA 80 51 56 0F 83 00 00 00 00 00 00 00 00 00 00 00 00 00 00
I 000000 04 0E 04 05 09 20 00
# BT_HCI_EVT_CMD_COMPLETE
# bt_hci_cmd_le_set_adv_enable
O 000000 01 0A 20 01 01
I 000000 04 0E 04 05 0A 20 00
# BT_HCI_EVT_CMD_COMPLETE
# bt_hci_cmd_le_set_scan_enable
# bt_hci_cmd_le_set_scan_param_active
# bt_hci_cmd_le_set_scan_enable
# bt_hci_cmd_periodic_inquiry
O 000000 01 0C 20 02 00 01
I 000000 04 0E 04 05 0C 20 0C
# BT_HCI_EVT_CMD_COMPLETE
# opcode: 0x200C error: 0x0C retry: 0
# bt_hci_cmd_le_set_scan_enable
# bt_hci_cmd_le_set_scan_param_active
# bt_hci_cmd_le_set_scan_enable
# bt_hci_cmd_periodic_inquiry
O 000000 01 0B 20 07 01 24 00 12 00 00 00
I 000000 04 0E 04 05 0B 20 00
# BT_HCI_EVT_CMD_COMPLETE
O 000000 01 0C 20 02 01 01
I 000000 04 0E 04 05 0C 20 00
# BT_HCI_EVT_CMD_COMPLETE
O 000000 01 03 04 09 0A 00 08 00 33 8B 9E 03 FF
I 000000 04 0E 04 05 03 04 00
# BT_HCI_EVT_CMD_COMPLETE
O 000000 01 0C 20 02 00 01
I 000000 04 0E 04 05 0C 20 00
# BT_HCI_EVT_CMD_COMPLETE
O 000000 01 0B 20 07 01 24 00 12 00 00 00
I 000000 04 0E 04 05 0B 20 00
# BT_HCI_EVT_CMD_COMPLETE
O 000000 01 0C 20 02 01 01
O 000000 01 03 04 09 0A 00 08 00 33 8B 9E 03 FF
I 000000 04 0E 04 04 03 04 0C
# BT_HCI_EVT_CMD_COMPLETE
# opcode: 0x0403 error: 0x0C retry: 0
I 000000 04 0E 04 05 0C 20 00
# BT_HCI_EVT_CMD_COMPLETE
I 000000 04 3E 1D 02 01 00 01 7C 90 38 2C F0 5C 11 02 01 1A 02 0A 0C 0A FF 4C 00 10 05 41 1C 7C 69 47 A9
# BT_HCI_EVT_LE_ADVERTISING_REPORT
I 000000 04 3E 0C 02 01 04 01 7C 90 38 2C F0 5C 00 A7
# BT_HCI_EVT_LE_ADVERTISING_REPORT
# mc_restore: restore sucessful!
I 000000 04 3E 2B 02 01 03 01 7C 7A 38 07 CC 5C 1F 1E FF 06 00 01 09 20 02 2A 5F DC E0 55 0F 04 D7 7F 37 42 44 ED 10 D1 9F 48 7A CF 6E 53 CF 30 BE
# BT_HCI_EVT_LE_ADVERTISING_REPORT
I 000000 04 3E 28 02 01 02 01 3E 3A 97 AF EC 6A 1C 03 03 9F FE 17 16 9F FE 00 00 00 00 00 00 00 00 00 00 00 00 00 00 00 00 00 00 00 00 B1
# BT_HCI_EVT_LE_ADVERTISING_REPORT
I 000000 04 3E 16 02 01 04 01 3E 3A 97 AF EC 6A 0A 09 FF E0 00 56 17 CA 55 5C 71 AF
# BT_HCI_EVT_LE_ADVERTISING_REPORT
I 000000 04 3E 28 02 01 02 01 AA 32 1B 01 0A 5C 1C 03 03 9F FE 17 16 9F FE 00 00 00 00 00 00 00 00 00 00 00 00 00 00 00 00 00 00 00 00 C5
# BT_HCI_EVT_LE_ADVERTISING_REPORT
I 000000 04 3E 16 02 01 04 01 AA 32 1B 01 0A 5C 0A 09 FF E0 00 56 CB CA 82 5B 44 C6
# BT_HCI_EVT_LE_ADVERTISING_REPORT
I 000000 04 3E 28 02 01 02 01 6C EF 7F F9 92 45 1C 03 03 9F FE 17 16 9F FE 00 00 00 00 00 00 00 00 00 00 00 00 00 00 00 00 00 00 00 00 A4
# BT_HCI_EVT_LE_ADVERTISING_REPORT
I 000000 04 3E 16 02 01 04 01 6C EF 7F F9 92 45 0A 09 FF E0 00 32 0E CA 6D 88 03 A3
# BT_HCI_EVT_LE_ADVERTISING_REPORT
I 000000 04 3E 1B 02 01 03 01 87 4D B4 2E D2 28 0F 02 01 1A 0B FF 4C 00 09 06 03 C7 C0 A8 56 D5 CF
# BT_HCI_EVT_LE_ADVERTISING_REPORT
I 000000 04 3E 28 02 01 02 01 AD F4 4D 9C E6 70 1C 03 03 9F FE 17 16 9F FE 00 00 00 00 00 00 00 00 00 00 00 00 00 00 00 00 00 00 00 00 B7
# BT_HCI_EVT_LE_ADVERTISING_REPORT
I 000000 04 3E 16 02 01 04 01 AD F4 4D 9C E6 70 0A 09 FF E0 00 56 A8 CA 87 56 E9 B7
# BT_HCI_EVT_LE_ADVERTISING_REPORT
I 000000 04 3E 2B 02 01 03 01 4D 05 E4 E5 16 0F 1F 1E FF 06 00 01 0F 20 02 A2 E4 74 0E CB 6B 34 75 27 03 BF 5E 34 B0 C8 B6 1F 42 0D D8 07 FD 7E D0
# BT_HCI_EVT_LE_ADVERTISING_REPORT
I 000000 04 3E 1B 02 01 03 01 31 4A 8A AC FF 14 0F 02 01 1A 0B FF 4C 00 09 06 03 04 C0 A8 01 08 A5
# BT_HCI_EVT_LE_ADVERTISING_REPORT
I 000000 04 3E 28 02 01 02 01 5C 83 79 58 E7 40 1C 03 03 9F FE 17 16 9F FE 00 00 00 00 00 00 00 00 00 00 00 00 00 00 00 00 00 00 00 00 C7
# BT_HCI_EVT_LE_ADVERTISING_REPORT
I 000000 04 3E 19 02 01 00 01 07 A3 BD F0 F0 5F 0D 02 01 02 03 03 50 FE 05 16 50 FE F4 DA AE
# BT_HCI_EVT_LE_ADVERTISING_REPORT
I 000000 04 3E 0C 02 01 04 01 07 A3 BD F0 F0 5F 00 AE
# BT_HCI_EVT_LE_ADVERTISING_REPORT
I 000000 04 3E 29 02 01 00 01 54 DC 96 AA D0 71 1D 02 01 1A 09 FF C4 00 1C 33 15 13 17 80 02 0A D4 03 03 B9 FE 08 1B 00 99 3B D4 86 2F 40 A9
# BT_HCI_EVT_LE_ADVERTISING_REPORT
I 000000 04 3E 28 02 01 02 01 97 F3 57 14 6B 54 1C 03 03 9F FE 17 16 9F FE 00 00 00 00 00 00 00 00 00 00 00 00 00 00 00 00 00 00 00 00 9B
# BT_HCI_EVT_LE_ADVERTISING_REPORT
I 000000 04 3E 1A 02 01 04 01 54 DC 96 AA D0 71 0E 0A 09 50 C3 A9 70 69 6E 20 54 56 02 0A D4 AA
# BT_HCI_EVT_LE_ADVERTISING_REPORT
I 000000 04 3E 14 02 01 03 01 9D 12 01 B9 02 E7 08 07 FF 4C 00 12 02 00 02 9E
# BT_HCI_EVT_LE_ADVERTISING_REPORT
I 000000 04 3E 16 02 01 04 01 5C 83 79 58 E7 40 0A 09 FF E0 00 56 19 CA 90 F4 40 C7
# BT_HCI_EVT_LE_ADVERTISING_REPORT
I 000000 04 3E 1D 02 01 00 00 20 A3 69 CD 69 C8 11 02 01 1A 02 0A 0C 0A FF 4C 00 10 05 09 14 23 39 7C A1
# BT_HCI_EVT_LE_ADVERTISING_REPORT
I 000000 04 3E 0C 02 01 04 00 20 A3 69 CD 69 C8 00 A3
# BT_HCI_EVT_LE_ADVERTISING_REPORT
I 000000 04 3E 1B 02 01 00 00 DB A6 EA CD 69 C8 0F 02 01 1A 0B FF 4C 00 09 06 03 26 00 00 00 00 A8
# BT_HCI_EVT_LE_ADVERTISING_REPORT
I 000000 04 3E 0C 02 01 04 00 DB A6 EA CD 69 C8 00 A3
# BT_HCI_EVT_LE_ADVERTISING_REPORT
I 000000 04 3E 1D 02 01 00 00 36 12 57 EC B3 F0 11 02 01 1A 02 0A 04 0A FF 4C 00 10 05 01 10 F2 88 78 D1
# BT_HCI_EVT_LE_ADVERTISING_REPORT
I 000000 04 3E 0C 02 01 04 00 36 12 57 EC B3 F0 00 D1
# BT_HCI_EVT_LE_ADVERTISING_REPORT
I 000000 04 01 01 00
# BT_HCI_EVT_INQUIRY_COMPLETE
I 000000 04 3E 28 02 01 02 01 1C 2A DB C9 39 59 1C 03 03 9F FE 17 16 9F FE 00 00 00 00 00 00 00 00 00 00 00 00 00 00 00 00 00 00 00 00 A4
# BT_HCI_EVT_LE_ADVERTISING_REPORT
I 000000 04 3E 16 02 01 04 01 1C 2A DB C9 39 59 0A 09 FF E0 00 32 AE CA 32 83 3D A5
# BT_HCI_EVT_LE_ADVERTISING_REPORT
I 000000 04 3E 28 02 01 02 01 B7 E4 57 15 26 40 1C 03 03 9F FE 17 16 9F FE 02 6C 4C 4D 70 57 6F 44 5A 44 4E 55 00 00 01 86 BE BB 6E DE 9D
# BT_HCI_EVT_LE_ADVERTISING_REPORT
I 000000 04 3E 1E 02 01 00 01 BB 9E 3D 31 F7 78 12 02 01 1A 02 0A 08 0B FF 4C 00 10 06 23 1E AB 5E 52 A4 A0
# BT_HCI_EVT_LE_ADVERTISING_REPORT
I 000000 04 3E 0C 02 01 04 01 BB 9E 3D 31 F7 78 00 9D
# BT_HCI_EVT_LE_ADVERTISING_REPORT
I 000000 04 3E 1F 02 01 00 01 D1 21 05 4F 71 4E 13 02 01 1A 02 0A 08 0C FF 4C 00 10 07 33 1B 4B 8D E1 EA 28 9F
# BT_HCI_EVT_LE_ADVERTISING_REPORT
I 000000 04 3E 0C 02 01 04 01 D1 21 05 4F 71 4E 00 A0
# BT_HCI_EVT_LE_ADVERTISING_REPORT
I 000000 04 3E 16 02 01 04 01 97 F3 57 14 6B 54 0A 09 FF E0 00 00 70 CA 7A C1 17 9C
# BT_HCI_EVT_LE_ADVERTISING_REPORT
I 000000 04 3E 16 02 01 04 01 B7 E4 57 15 26 40 0A 09 FF E0 00 00 D0 CA 84 0A 53 9F
# BT_HCI_EVT_LE_ADVERTISING_REPORT
I 000000 04 01 01 00
# BT_HCI_EVT_INQUIRY_COMPLETE
I 000000 04 3E 14 02 01 03 01 E4 FF 23 CC 53 C2 08 07 FF 4C 00 12 02 00 00 A1
# BT_HCI_EVT_LE_ADVERTISING_REPORT
I 000000 04 2F FF 01 32 8F 6E E9 B6 98 02 00 08 25 00 13 59 C6 0F 09 50 72 6F 20 43 6F 6E 74 72 6F 6C 6C 65 72 00 00 00 00 00 00 00 00 00 00 00 00 00 00 00 00 00 00 00 00 00 00 00 00 00 00 00 00 00 00 00 00 00 00 00 00 00 00 00 00 00 00 00 00 00 00 00 00 00 00 00 00 00 00 00 00 00 00 00 00 00 00 00 00 00 00 00 00 00 00 00 00 00 00 00 00 00 00 00 00 00 00 00 00 00 00 00 00 00 00 00 00 00 00 00 00 00 00 00 00 00 00 00 00 00 00 00 00 00 00 00 00 00 00 00 00 00 00 00 00 00 00 00 00 00 00 00 00 00 00 00 00 00 00 00 00 00 00 00 00 00 00 00 00 00 00 00 00 00 00 00 00 00 00 00 00 00 00 00 00 00 00 00 00 00 00 00 00 00 00 00 00 00 00 00 00 00 00 00 00 00 00 00 00 00 00 00 00 00 00 00 00 00 00 00 00 00 00 00 00 00 00 00 00 00 00 00 00 00 00 00 00 00 00 00 00 00 00 00 00 00 00 00 00
# BT_HCI_EVT_INQUIRY_RESULT
# Number of responce: 1
# bt_hci_cmd_connect
# Inquiry dev: 0 type: 0 bdaddr: 98:B6:E9:6E:8F:32
O 000000 01 05 04 0D 32 8F 6E E9 B6 98 18 CC 00 00 00 00 01
I 000000 04 0F 04 00 05 05 04
# BT_HCI_EVT_CMD_STATUS
I 000000 04 01 01 00
# BT_HCI_EVT_INQUIRY_COMPLETE
I 000000 04 03 0B 00 81 00 32 8F 6E E9 B6 98 01 00
# BT_HCI_EVT_CONN_COMPLETE
# dev: 0 acl_handle: 0x0081
# bt_hci_cmd_le_set_adv_disable
# bt_hci_cmd_remote_name_request
O 000000 01 0A 20 01 00
I 000000 04 0E 04 05 0A 20 00
# BT_HCI_EVT_CMD_COMPLETE
O 000000 01 19 04 0A 32 8F 6E E9 B6 98 01 00 00 00
I 000000 04 0F 04 00 05 19 04
# BT_HCI_EVT_CMD_STATUS
I 000000 04 1B 03 81 00 05
I 000000 04 07 FF 00 32 8F 6E E9 B6 98 50 72 6F 20 43 6F 6E 74 72 6F 6C 6C 65 72 00 00 00 00 00 00 00 00 00 00 00 00 00 00 00 00 00 00 00 00 00 00 00 00 00 00 00 00 00 00 00 00 00 00 00 00 00 00 00 00 00 00 00 00 00 00 00 00 00 00 00 00 00 00 00 00 00 00 00 00 00 00 00 00 00 00 00 00 00 00 00 00 00 00 00 00 00 00 00 00 00 00 00 00 00 00 00 00 00 00 00 00 00 00 00 00 00 00 00 00 00 00 00 00 00 00 00 00 00 00 00 00 00 00 00 00 00 00 00 00 00 00 00 00 00 00 00 00 00 00 00 00 00 00 00 00 00 00 00 00 00 00 00 00 00 00 00 00 00 00 00 00 00 00 00 00 00 00 00 00 00 00 00 00 00 00 00 00 00 00 00 00 00 00 00 00 00 00 00 00 00 00 00 00 00 00 00 00 00 00 00 00 00 00 00 00 00 00 00 00 00 00 00 00 00 00 00 00 00 00 00 00 00 00 00 00 00 00 00 00 00 00 00 00 00 00 00 00 00 00 00 00 00 00
# BT_HCI_EVT_REMOTE_NAME_REQ_COMPLETE:
# bt_type_update: dev: 0 type: 5 subtype: 0
# bt_hci_cmd_exit_periodic_inquiry
# bt_hci_cmd_le_set_scan_enable
# bt_hci_cmd_le_set_scan_param_passive
# bt_hci_cmd_le_set_scan_enable
O 000000 01 04 04 00
# bt_hci_cmd_read_remote_features
# bt_hci_cmd_auth_requested
# dev: 0 type: 5:0 Pro Controller
I 000000 04 0E 04 05 04 04 00
# BT_HCI_EVT_CMD_COMPLETE
O 000000 01 0C 20 02 00 01
I 000000 04 0E 04 05 0C 20 00
# BT_HCI_EVT_CMD_COMPLETE
O 000000 01 0B 20 07 00 00 04 12 00 00 01
I 000000 04 0E 04 05 0B 20 00
# BT_HCI_EVT_CMD_COMPLETE
O 000000 01 0C 20 02 01 01
I 000000 04 0E 04 05 0C 20 00
# BT_HCI_EVT_CMD_COMPLETE
O 000000 01 1B 04 02 81 00
I 000000 04 0F 04 00 05 1B 04
# BT_HCI_EVT_CMD_STATUS
I 000000 04 0B 0B 00 81 00 BF FE 8D FA C8 2D 79 83
# BT_HCI_EVT_REMOTE_FEATURES
# bt_hci_cmd_read_remote_ext_features
# bt_l2cap_cmd_ext_feat_mask_req
O 000000 01 11 04 02 81 00
I 000000 04 0F 04 00 05 11 04
# BT_HCI_EVT_CMD_STATUS
I 000000 04 17 06 32 8F 6E E9 B6 98
# BT_HCI_EVT_LINK_KEY_REQ
# bt_hci_cmd_link_key_neg_reply
O 000000 01 1C 04 03 81 00 01
I 000000 04 0F 04 00 05 1C 04
# BT_HCI_EVT_CMD_STATUS
O 000000 02 81 20 0A 00 06 00 01 00 0A 00 02 00 02 00
O 000000 01 0C 04 06 32 8F 6E E9 B6 98
I 000000 04 0E 0A 05 0C 04 00 32 8F 6E E9 B6 98
# BT_HCI_EVT_CMD_COMPLETE
I 000000 04 31 06 32 8F 6E E9 B6 98
# BT_HCI_EVT_IO_CAPA_REQ
# bt_hci_cmd_io_capability_reply
O 000000 01 2B 04 09 32 8F 6E E9 B6 98 03 00 00
I 000000 04 0E 0A 05 2B 04 00 32 8F 6E E9 B6 98
# BT_HCI_EVT_CMD_COMPLETE
I 000000 04 13 05 01 81 00 01 00
I 000000 02 81 20 10 00 0C 00 01 00 0B 00 08 00 02 00 00 00 80 02 00 00
# BT_L2CAP_INFO_RSP
I 000000 04 32 09 32 8F 6E E9 B6 98 03 00 04
I 000000 04 33 0A 32 8F 6E E9 B6 98 65 52 00 00
# BT_HCI_EVT_USER_CONFIRM_REQ
# bt_hci_cmd_user_confirm_reply
O 000000 01 2C 04 06 32 8F 6E E9 B6 98
I 000000 04 0E 0A 05 2C 04 00 32 8F 6E E9 B6 98
# BT_HCI_EVT_CMD_COMPLETE
I 000000 04 36 07 00 32 8F 6E E9 B6 98
I 000000 04 18 17 32 8F 6E E9 B6 98 3D 4C D9 15 17 FB E7 06 72 E6 F5 74 43 F3 D7 7C 04
# BT_HCI_EVT_LINK_KEY_NOTIFY
I 000000 04 06 03 00 81 00
# BT_HCI_EVT_AUTH_COMPLETE
# dev: 0 Pairing done
# bt_hci_cmd_set_conn_encrypt
# bt_l2cap_cmd_hid_ctrl_conn_req
O 000000 01 13 04 03 81 00 01
I 000000 04 0F 04 00 05 13 04
# BT_HCI_EVT_CMD_STATUS
O 000000 02 81 20 0C 00 08 00 01 00 02 01 04 00 11 00 80 00
I 000000 04 13 05 01 81 00 01 00
I 000000 04 23 0D 00 81 00 01 01 01 00 00 00 00 00 00 00
# BT_HCI_EVT_REMOTE_EXT_FEATURES
I 000000 02 81 20 10 00 0C 00 01 00 03 01 08 00 40 00 80 00 00 00 00 00
# BT_L2CAP_CONN_RSP
O 000000 02 81 20 0C 00 08 00 01 00 04 02 04 00 40 00 00 00
I 000000 02 81 20 10 00 0C 00 01 00 04 01 08 00 80 00 00 00 01 02 A0 02
# BT_L2CAP_CONF_REQ
O 000000 02 81 20 12 00 0E 00 01 00 05 01 0A 00 40 00 00 00 00 00 01 02 A0 02
I 000000 04 08 04 00 81 00 01
# BT_HCI_EVT_ENCRYPT_CHANGE
I 000000 04 13 05 01 81 00 01 00
I 000000 04 13 05 01 81 00 01 00
I 000000 02 81 20 0E 00 0A 00 01 00 05 02 06 00 80 00 00 00 00 00
# BT_L2CAP_CONF_RSP
# bt_l2cap_cmd_hid_intr_conn_req
O 000000 02 81 20 0C 00 08 00 01 00 02 03 04 00 13 00 90 00
I 000000 04 13 05 01 81 00 01 00
I 000000 02 81 20 10 00 0C 00 01 00 03 03 08 00 41 00 90 00 00 00 00 00
# BT_L2CAP_CONN_RSP
O 000000 02 81 20 0C 00 08 00 01 00 04 04 04 00 41 00 00 00
I 000000 04 13 05 01 81 00 01 00
I 000000 02 81 20 10 00 0C 00 01 00 04 02 08 00 90 00 00 00 01 02 A0 02
# BT_L2CAP_CONF_REQ
O 000000 02 81 20 12 00 0E 00 01 00 05 02 0A 00 41 00 00 00 00 00 01 02 A0 02
I 000000 02 81 20 0E 00 0A 00 01 00 05 04 06 00 90 00 00 00 00 00
# BT_L2CAP_CONF_RSP
# bt_hid_sw_init
O 000000 02 81 20 36 00 32 00 41 00 A2 01 00 00 00 00 00I 000000 04 13 05 01 81 00 01 00
 00 00 00 00 30 01 00 00 00 00 00 00 00 00 00 00 00 00 00 00 00 00 00 00 00 00 00 00 00 00 00 00 00 00 00 00 00 00 00 00 00 00 00
I 000000 04 13 05 01 81 00 01 00
I 000000 02 81 20 11 00 0D 00 90 00 A1 3F 00 00 0F 00 80 00 80 00 80 00 80
# bt_type_update: dev: 0 type: 5 subtype: 0
I 000000 02 81 20 11 00 0D 00 90 00 A1 3F 00 00 0F 00 80 00 80 00 80 00 80
I 000000 02 81 20 11 00 0D 00 90 00 A1 3F 00 00 0F 00 80 00 80 00 80 00 80
I 000000 02 81 20 11 00 0D 00 90 00 A1 3F 00 00 0F 00 80 00 80 00 80 00 80
I 000000 02 81 20 11 00 0D 00 90 00 A1 3F 00 00 0F 00 80 00 80 00 80 00 80
I 000000 02 81 20 11 00 0D 00 90 00 A1 3F 00 00 0F 00 80 00 80 00 80 00 80
I 000000 02 81 20 11 00 0D 00 90 00 A1 3F 02 00 0F 00 80 00 80 00 80 00 80
I 000000 02 81 20 11 00 0D 00 90 00 A1 3F 02 00 0F 00 80 00 80 00 80 00 80
I 000000 02 81 20 11 00 0D 00 90 00 A1 3F 02 00 0F 00 80 00 80 00 80 00 80
I 000000 02 81 20 11 00 0D 00 90 00 A1 3F 02 00 0F 00 80 00 80 00 80 00 80
I 000000 02 81 20 11 00 0D 00 90 00 A1 3F 02 00 0F 00 80 00 80 00 80 00 80
I 000000 02 81 20 11 00 0D 00 90 00 A1 3F 02 00 0F 00 80 00 80 00 80 00 80
I 000000 02 81 20 11 00 0D 00 90 00 A1 3F 00 00 0F 00 80 00 80 00 80 00 80
I 000000 02 81 20 11 00 0D 00 90 00 A1 3F 00 00 0F 00 80 00 80 00 80 00 80
I 000000 02 81 20 11 00 0D 00 90 00 A1 3F 00 00 0F 00 80 00 80 00 80 00 80
I 000000 02 81 20 11 00 0D 00 90 00 A1 3F 00 00 0F 00 80 00 80 00 80 00 80
I 000000 02 81 20 11 00 0D 00 90 00 A1 3F 00 00 0F 00 80 00 80 00 80 00 80
I 000000 02 81 20 11 00 0D 00 90 00 A1 3F 00 00 0F 00 80 00 80 00 80 00 80
I 000000 02 81 20 11 00 0D 00 90 00 A1 3F 02 00 0F 00 80 00 80 00 80 00 80
I 000000 02 81 20 11 00 0D 00 90 00 A1 3F 02 00 0F 00 80 00 80 00 80 00 80
I 000000 02 81 20 11 00 0D 00 90 00 A1 3F 02 00 0F 00 80 00 80 00 80 00 80
I 000000 02 81 20 11 00 0D 00 90 00 A1 3F 02 00 0F 00 80 00 80 00 80 00 80
I 000000 02 81 20 11 00 0D 00 90 00 A1 3F 02 00 0F 00 80 00 80 00 80 00 80
I 000000 02 81 20 11 00 0D 00 90 00 A1 3F 02 00 0F 00 80 00 80 00 80 00 80
I 000000 02 81 20 11 00 0D 00 90 00 A1 3F 00 00 0F 00 80 00 80 00 80 00 80
I 000000 02 81 20 11 00 0D 00 90 00 A1 3F 00 00 0F 00 80 00 80 00 80 00 80
I 000000 02 81 20 11 00 0D 00 90 00 A1 3F 00 00 0F 00 80 00 80 00 80 00 80
I 000000 02 81 20 11 00 0D 00 90 00 A1 3F 00 00 0F 00 80 00 80 00 80 00 80
I 000000 02 81 20 11 00 0D 00 90 00 A1 3F 00 00 0F 00 80 00 80 00 80 00 80
I 000000 02 81 20 11 00 0D 00 90 00 A1 3F 00 00 0F 00 80 00 80 00 80 00 80
I 000000 02 81 20 11 00 0D 00 90 00 A1 3F 02 00 0F 00 80 00 80 00 80 00 80
I 000000 02 81 20 11 00 0D 00 90 00 A1 3F 02 00 0F 00 80 00 80 00 80 00 80
I 000000 02 81 20 11 00 0D 00 90 00 A1 3F 02 00 0F 00 80 00 80 00 80 00 80
I 000000 02 81 20 11 00 0D 00 90 00 A1 3F 02 00 0F 00 80 00 80 00 80 00 80
I 000000 02 81 20 11 00 0D 00 90 00 A1 3F 02 00 0F 00 80 00 80 00 80 00 80
I 000000 02 81 20 11 00 0D 00 90 00 A1 3F 02 00 0F 00 80 00 80 00 80 00 80
I 000000 02 81 20 11 00 0D 00 90 00 A1 3F 00 00 0F 00 80 00 80 00 80 00 80
I 000000 02 81 20 11 00 0D 00 90 00 A1 3F 00 00 0F 00 80 00 80 00 80 00 80
I 000000 02 81 20 11 00 0D 00 90 00 A1 3F 00 00 0F 00 80 00 80 00 80 00 80
I 000000 02 81 20 11 00 0D 00 90 00 A1 3F 00 00 0F 00 80 00 80 00 80 00 80
I 000000 02 81 20 11 00 0D 00 90 00 A1 3F 00 00 0F 00 80 00 80 00 80 00 80
I 000000 02 81 20 11 00 0D 00 90 00 A1 3F 00 00 0F 00 80 00 80 00 80 00 80
I 000000 02 81 20 11 00 0D 00 90 00 A1 3F 02 00 0F 00 80 00 80 00 80 00 80
I 000000 02 81 20 11 00 0D 00 90 00 A1 3F 02 00 0F 00 80 00 80 00 80 00 80
I 000000 02 81 20 11 00 0D 00 90 00 A1 3F 02 00 0F 00 80 00 80 00 80 00 80
I 000000 02 81 20 11 00 0D 00 90 00 A1 3F 02 00 0F 00 80 00 80 00 80 00 80
I 000000 02 81 20 11 00 0D 00 90 00 A1 3F 02 00 0F 00 80 00 80 00 80 00 80
I 000000 02 81 20 11 00 0D 00 90 00 A1 3F 02 00 0F 00 80 00 80 00 80 00 80
I 000000 02 81 20 11 00 0D 00 90 00 A1 3F 00 00 0F 00 80 00 80 00 80 00 80
I 000000 02 81 20 11 00 0D 00 90 00 A1 3F 00 00 0F 00 80 00 80 00 80 00 80
I 000000 02 81 20 11 00 0D 00 90 00 A1 3F 00 00 0F 00 80 00 80 00 80 00 80
I 000000 02 81 20 11 00 0D 00 90 00 A1 3F 00 00 0F 00 80 00 80 00 80 00 80
I 000000 02 81 20 11 00 0D 00 90 00 A1 3F 00 00 0F 00 80 00 80 00 80 00 80
I 000000 02 81 20 11 00 0D 00 90 00 A1 3F 00 00 0F 00 80 00 80 00 80 00 80
I 000000 02 81 20 11 00 0D 00 90 00 A1 3F 02 00 0F 00 80 00 80 00 80 00 80
I 000000 02 81 20 11 00 0D 00 90 00 A1 3F 02 00 0F 00 80 00 80 00 80 00 80
I 000000 02 81 20 11 00 0D 00 90 00 A1 3F 02 00 0F 00 80 00 80 00 80 00 80
I 000000 02 81 20 11 00 0D 00 90 00 A1 3F 02 00 0F 00 80 00 80 00 80 00 80
I 000000 02 81 20 11 00 0D 00 90 00 A1 3F 02 00 0F 00 80 00 80 00 80 00 80
I 000000 02 81 20 11 00 0D 00 90 00 A1 3F 02 00 0F 00 80 00 80 00 80 00 80
I 000000 02 81 20 11 00 0D 00 90 00 A1 3F 00 00 0F 00 80 00 80 00 80 00 80
I 000000 02 81 20 11 00 0D 00 90 00 A1 3F 00 00 0F 00 80 00 80 00 80 00 80
I 000000 02 81 20 11 00 0D 00 90 00 A1 3F 00 00 0F 00 80 00 80 00 80 00 80
I 000000 02 81 20 11 00 0D 00 90 00 A1 3F 00 00 0F 00 80 00 80 00 80 00 80
I 000000 02 81 20 11 00 0D 00 90 00 A1 3F 00 00 0F 00 80 00 80 00 80 00 80
I 000000 02 81 20 11 00 0D 00 90 00 A1 3F 00 00 0F 00 80 00 80 00 80 00 80
I 000000 02 81 20 11 00 0D 00 90 00 A1 3F 02 00 0F 00 80 00 80 00 80 00 80
I 000000 02 81 20 11 00 0D 00 90 00 A1 3F 02 00 0F 00 80 00 80 00 80 00 80
I 000000 02 81 20 11 00 0D 00 90 00 A1 3F 02 00 0F 00 80 00 80 00 80 00 80
I 000000 02 81 20 11 00 0D 00 90 00 A1 3F 02 00 0F 00 80 00 80 00 80 00 80
I 000000 02 81 20 11 00 0D 00 90 00 A1 3F 02 00 0F 00 80 00 80 00 80 00 80
I 000000 02 81 20 11 00 0D 00 90 00 A1 3F 02 00 0F 00 80 00 80 00 80 00 80
I 000000 02 81 20 11 00 0D 00 90 00 A1 3F 00 00 0F 00 80 00 80 00 80 00 80
I 000000 02 81 20 11 00 0D 00 90 00 A1 3F 00 00 0F 00 80 00 80 00 80 00 80
I 000000 02 81 20 11 00 0D 00 90 00 A1 3F 00 00 0F 00 80 00 80 00 80 00 80
I 000000 02 81 20 11 00 0D 00 90 00 A1 3F 00 00 0F 00 80 00 80 00 80 00 80
I 000000 02 81 20 11 00 0D 00 90 00 A1 3F 00 00 0F 00 80 00 80 00 80 00 80
I 000000 02 81 20 11 00 0D 00 90 00 A1 3F 00 00 0F 00 80 00 80 00 80 00 80
I 000000 02 81 20 11 00 0D 00 90 00 A1 3F 00 00 0F EC 97 C3 63 00 80 00 80
I 000000 02 81 20 11 00 0D 00 90 00 A1 3F 00 00 0F 52 AB FA 15 00 80 00 80
I 000000 02 81 20 11 00 0D 00 90 00 A1 3F 00 00 0F 39 B4 00 00 00 80 00 80
I 000000 02 81 20 11 00 0D 00 90 00 A1 3F 00 00 0F 2B BB 00 00 00 80 00 80
I 000000 02 81 20 11 00 0D 00 90 00 A1 3F 00 00 0F A9 B9 00 00 00 80 00 80
I 000000 02 81 20 11 00 0D 00 90 00 A1 3F 00 00 0F 30 AE 00 00 00 80 00 80
I 000000 02 81 20 11 00 0D 00 90 00 A1 3F 00 00 0F B7 9E 00 00 00 80 00 80
I 000000 02 81 20 11 00 0D 00 90 00 A1 3F 00 00 0F 2B 8B 00 00 00 80 00 80
I 000000 02 81 20 11 00 0D 00 90 00 A1 3F 00 00 0F 00 80 00 00 00 80 00 80
I 000000 02 81 20 11 00 0D 00 90 00 A1 3F 00 00 0F 00 80 00 00 00 80 00 80
I 000000 02 81 20 11 00 0D 00 90 00 A1 3F 00 00 0F 00 80 00 00 00 80 00 80
I 000000 02 81 20 11 00 0D 00 90 00 A1 3F 00 00 0F 00 80 00 00 00 80 00 80
I 000000 02 81 20 11 00 0D 00 90 00 A1 3F 00 00 0F 00 80 00 00 00 80 00 80
I 000000 02 81 20 11 00 0D 00 90 00 A1 3F 00 00 0F 00 80 00 00 00 80 00 80
I 000000 02 81 20 11 00 0D 00 90 00 A1 3F 00 00 0F EA 1D 00 00 00 80 00 80
I 000000 02 81 20 11 00 0D 00 90 00 A1 3F 00 00 0F 00 00 00 00 00 80 00 80
I 000000 02 81 20 11 00 0D 00 90 00 A1 3F 00 00 0F 00 00 00 00 00 80 00 80
I 000000 02 81 20 11 00 0D 00 90 00 A1 3F 00 00 0F 00 00 7F 50 00 80 00 80
I 000000 02 81 20 11 00 0D 00 90 00 A1 3F 00 00 0F 00 00 60 61 00 80 00 80
I 000000 02 81 20 11 00 0D 00 90 00 A1 3F 00 00 0F 00 00 17 72 00 80 00 80
I 000000 02 81 20 11 00 0D 00 90 00 A1 3F 00 00 0F 00 00 00 80 00 80 00 80
I 000000 02 81 20 11 00 0D 00 90 00 A1 3F 00 00 0F 00 00 00 80 00 80 00 80
I 000000 02 81 20 11 00 0D 00 90 00 A1 3F 00 00 0F 00 00 00 80 00 80 00 80
I 000000 02 81 20 11 00 0D 00 90 00 A1 3F 00 00 0F 00 00 00 80 00 80 00 80
I 000000 02 81 20 11 00 0D 00 90 00 A1 3F 00 00 0F 00 00 00 80 00 80 00 80
I 000000 02 81 20 11 00 0D 00 90 00 A1 3F 00 00 0F 00 00 00 80 00 80 00 80
I 000000 02 81 20 11 00 0D 00 90 00 A1 3F 00 00 0F 00 00 3A BB 00 80 00 80
I 000000 02 81 20 11 00 0D 00 90 00 A1 3F 00 00 0F 00 00 FF FF 00 80 00 80
I 000000 02 81 20 11 00 0D 00 90 00 A1 3F 00 00 0F 00 00 FF FF 00 80 00 80
I 000000 02 81 20 11 00 0D 00 90 00 A1 3F 00 00 0F 00 00 FF FF 00 80 00 80
I 000000 02 81 20 11 00 0D 00 90 00 A1 3F 00 00 0F 00 00 FF FF 00 80 00 80
I 000000 02 81 20 11 00 0D 00 90 00 A1 3F 00 00 0F 00 00 FF FF 00 80 00 80
I 000000 02 81 20 11 00 0D 00 90 00 A1 3F 00 00 0F 00 00 FF FF 00 80 00 80
I 000000 02 81 20 11 00 0D 00 90 00 A1 3F 00 00 0F A4 04 FF FF 00 80 00 80
I 000000 02 81 20 11 00 0D 00 90 00 A1 3F 00 00 0F C3 0C FF FF 00 80 00 80
I 000000 02 81 20 11 00 0D 00 90 00 A1 3F 00 00 0F 00 80 FF FF 00 80 00 80
I 000000 02 81 20 11 00 0D 00 90 00 A1 3F 00 00 0F 00 80 FF FF 00 80 00 80
I 000000 02 81 20 11 00 0D 00 90 00 A1 3F 00 00 0F 00 80 FF FF 00 80 00 80
I 000000 02 81 20 11 00 0D 00 90 00 A1 3F 00 00 0F FF FF FF FF 00 80 00 80
I 000000 02 81 20 11 00 0D 00 90 00 A1 3F 00 00 0F FF FF AB F7 00 80 00 80
I 000000 02 81 20 11 00 0D 00 90 00 A1 3F 00 00 0F FF FF 4E EE 00 80 00 80
I 000000 02 81 20 11 00 0D 00 90 00 A1 3F 00 00 0F FF FF 1E D6 00 80 00 80
I 000000 02 81 20 11 00 0D 00 90 00 A1 3F 00 00 0F FF FF 66 C2 00 80 00 80
I 000000 02 81 20 11 00 0D 00 90 00 A1 3F 00 00 0F FF FF 5D A9 00 80 00 80
I 000000 02 81 20 11 00 0D 00 90 00 A1 3F 00 00 0F FF FF E4 92 00 80 00 80
I 000000 02 81 20 11 00 0D 00 90 00 A1 3F 00 00 0F FF FF 00 80 00 80 00 80
I 000000 02 81 20 11 00 0D 00 90 00 A1 3F 00 00 0F FF FF 00 80 00 80 00 80
I 000000 02 81 20 11 00 0D 00 90 00 A1 3F 00 00 0F FF FF 00 80 00 80 00 80
I 000000 02 81 20 11 00 0D 00 90 00 A1 3F 00 00 0F FF FF 00 80 00 80 00 80
I 000000 02 81 20 11 00 0D 00 90 00 A1 3F 00 00 0F FF FF 92 71 00 80 00 80
I 000000 02 81 20 11 00 0D 00 90 00 A1 3F 00 00 0F 01 F6 71 08 00 80 00 80
I 000000 02 81 20 11 00 0D 00 90 00 A1 3F 00 00 0F D0 F1 30 06 00 80 00 80
I 000000 02 81 20 11 00 0D 00 90 00 A1 3F 00 00 0F 00 80 00 00 00 80 00 80
I 000000 02 81 20 11 00 0D 00 90 00 A1 3F 00 00 0F 00 80 00 00 00 80 00 80
I 000000 02 81 20 11 00 0D 00 90 00 A1 3F 00 00 0F 00 80 00 00 00 80 00 80
I 000000 02 81 20 11 00 0D 00 90 00 A1 3F 00 00 0F 00 80 00 00 00 80 00 80
I 000000 02 81 20 11 00 0D 00 90 00 A1 3F 00 00 0F ED 73 00 00 00 80 00 80
I 000000 02 81 20 11 00 0D 00 90 00 A1 3F 00 00 0F 9A 5B 00 00 00 80 00 80
I 000000 02 81 20 11 00 0D 00 90 00 A1 3F 00 00 0F 03 41 00 00 00 80 00 80
I 000000 02 81 20 11 00 0D 00 90 00 A1 3F 00 00 0F 00 00 B7 43 00 80 00 80
I 000000 02 81 20 11 00 0D 00 90 00 A1 3F 00 00 0F 00 00 0A 57 00 80 00 80
I 000000 02 81 20 11 00 0D 00 90 00 A1 3F 00 00 0F 00 00 14 66 00 80 00 80
I 000000 02 81 20 11 00 0D 00 90 00 A1 3F 00 00 0F 00 00 1E 7A 00 80 00 80
I 000000 02 81 20 11 00 0D 00 90 00 A1 3F 00 00 0F 00 00 00 80 00 80 00 80
I 000000 02 81 20 11 00 0D 00 90 00 A1 3F 00 00 0F 00 00 00 80 00 80 00 80
I 000000 02 81 20 11 00 0D 00 90 00 A1 3F 00 00 0F 00 00 00 80 00 80 00 80
I 000000 02 81 20 11 00 0D 00 90 00 A1 3F 00 00 0F 00 00 00 80 00 80 00 80
I 000000 02 81 20 11 00 0D 00 90 00 A1 3F 00 00 0F 00 00 00 80 00 80 00 80
I 000000 02 81 20 11 00 0D 00 90 00 A1 3F 00 00 0F 00 00 00 80 00 80 00 80
I 000000 02 81 20 11 00 0D 00 90 00 A1 3F 00 00 0F 00 00 6C 84 00 80 00 80
I 000000 02 81 20 11 00 0D 00 90 00 A1 3F 00 00 0F 00 00 42 9C 00 80 00 80
I 000000 02 81 20 11 00 0D 00 90 00 A1 3F 00 00 0F 00 00 93 AF 00 80 00 80
I 000000 02 81 20 11 00 0D 00 90 00 A1 3F 00 00 0F 00 00 B7 F7 00 80 00 80
I 000000 02 81 20 11 00 0D 00 90 00 A1 3F 00 00 0F 00 00 B7 F7 00 80 00 80
I 000000 02 81 20 11 00 0D 00 90 00 A1 3F 00 00 0F 00 00 B7 F7 00 80 00 80
I 000000 02 81 20 11 00 0D 00 90 00 A1 3F 00 00 0F 00 00 B7 F7 00 80 00 80
I 000000 02 81 20 11 00 0D 00 90 00 A1 3F 00 00 0F 5A 42 FF FF 00 80 00 80
I 000000 02 81 20 11 00 0D 00 90 00 A1 3F 00 00 0F 18 5B FF FF 00 80 00 80
I 000000 02 81 20 11 00 0D 00 90 00 A1 3F 00 00 0F 62 7A FF FF 00 80 00 80
I 000000 02 81 20 11 00 0D 00 90 00 A1 3F 00 00 0F 00 80 FF FF 00 80 00 80
I 000000 02 81 20 11 00 0D 00 90 00 A1 3F 00 00 0F 00 80 FF FF 00 80 00 80
I 000000 02 81 20 11 00 0D 00 90 00 A1 3F 00 00 0F 00 80 FF FF 00 80 00 80
I 000000 02 81 20 11 00 0D 00 90 00 A1 3F 00 00 0F 00 80 FF FF 00 80 00 80
I 000000 02 81 20 11 00 0D 00 90 00 A1 3F 00 00 0F 00 80 FF FF 00 80 00 80
I 000000 02 81 20 11 00 0D 00 90 00 A1 3F 00 00 0F 00 80 FF FF 00 80 00 80
I 000000 02 81 20 11 00 0D 00 90 00 A1 3F 00 00 0F D6 F2 27 F7 00 80 00 80
I 000000 02 81 20 11 00 0D 00 90 00 A1 3F 00 00 0F 1D F4 87 F3 00 80 00 80
I 000000 02 81 20 11 00 0D 00 90 00 A1 3F 00 00 0F A4 F7 AB EB 00 80 00 80
I 000000 02 81 20 11 00 0D 00 90 00 A1 3F 00 00 0F A0 FC 18 D6 00 80 00 80
I 000000 02 81 20 11 00 0D 00 90 00 A1 3F 00 00 0F FF FF BA C2 00 80 00 80
I 000000 02 81 20 11 00 0D 00 90 00 A1 3F 00 00 0F FF FF 00 80 00 80 00 80
I 000000 02 81 20 11 00 0D 00 90 00 A1 3F 00 00 0F FF FF 00 80 00 80 00 80
I 000000 02 81 20 11 00 0D 00 90 00 A1 3F 00 00 0F FF FF 00 80 00 80 00 80
I 000000 02 81 20 11 00 0D 00 90 00 A1 3F 00 00 0F FF FF 00 80 00 80 00 80
I 000000 02 81 20 11 00 0D 00 90 00 A1 3F 00 00 0F FF FF 00 80 00 80 00 80
I 000000 02 81 20 11 00 0D 00 90 00 A1 3F 00 00 0F FF FF FE 78 00 80 00 80
I 000000 02 81 20 11 00 0D 00 90 00 A1 3F 00 00 0F F9 FF BB 14 00 80 00 80
I 000000 02 81 20 11 00 0D 00 90 00 A1 3F 00 00 0F FE F9 59 09 00 80 00 80
I 000000 02 81 20 11 00 0D 00 90 00 A1 3F 00 00 0F F3 BE 00 00 00 80 00 80
I 000000 02 81 20 11 00 0D 00 90 00 A1 3F 00 00 0F 74 A1 00 00 00 80 00 80
I 000000 02 81 20 11 00 0D 00 90 00 A1 3F 00 00 0F 00 80 00 00 00 80 00 80
I 000000 02 81 20 11 00 0D 00 90 00 A1 3F 00 00 0F 00 80 00 00 00 80 00 80
I 000000 02 81 20 11 00 0D 00 90 00 A1 3F 00 00 0F 4B 62 00 00 00 80 00 80
I 000000 02 81 20 11 00 0D 00 90 00 A1 3F 00 00 0F 0C 4C 00 00 00 80 00 80
I 000000 02 81 20 11 00 0D 00 90 00 A1 3F 00 00 0F 7F 37 00 00 00 80 00 80
I 000000 02 81 20 11 00 0D 00 90 00 A1 3F 00 00 0F 77 17 E5 04 00 80 00 80
I 000000 02 81 20 11 00 0D 00 90 00 A1 3F 00 00 0F 52 0A 48 0D 00 80 00 80
I 000000 02 81 20 11 00 0D 00 90 00 A1 3F 00 00 0F 90 05 35 1C 00 80 00 80
I 000000 02 81 20 11 00 0D 00 90 00 A1 3F 00 00 0F 00 00 00 80 00 80 00 80
I 000000 02 81 20 11 00 0D 00 90 00 A1 3F 00 00 0F 00 00 72 82 00 80 00 80
I 000000 02 81 20 11 00 0D 00 90 00 A1 3F 00 00 0F 00 00 15 9D 00 80 00 80
I 000000 02 81 20 11 00 0D 00 90 00 A1 3F 00 00 0F 00 00 D8 B4 00 80 00 80
I 000000 02 81 20 11 00 0D 00 90 00 A1 3F 00 00 0F 00 00 ED CB 00 80 00 80
I 000000 02 81 20 11 00 0D 00 90 00 A1 3F 00 00 0F 00 00 96 E6 00 80 00 80
I 000000 02 81 20 11 00 0D 00 90 00 A1 3F 00 00 0F 00 00 03 F7 00 80 00 80
I 000000 02 81 20 11 00 0D 00 90 00 A1 3F 00 00 0F 00 00 57 F7 00 80 00 80
I 000000 02 81 20 11 00 0D 00 90 00 A1 3F 00 00 0F 00 00 57 F7 00 80 00 80
I 000000 02 81 20 11 00 0D 00 90 00 A1 3F 00 00 0F 00 00 57 F7 00 80 00 80
I 000000 02 81 20 11 00 0D 00 90 00 A1 3F 00 00 0F 00 00 57 F7 00 80 00 80
I 000000 02 81 20 11 00 0D 00 90 00 A1 3F 00 00 0F 00 00 42 F8 00 80 00 80
I 000000 02 81 20 11 00 0D 00 90 00 A1 3F 00 00 0F 1D 0A 2A FC 00 80 00 80
I 000000 02 81 20 11 00 0D 00 90 00 A1 3F 00 00 0F 6B 10 FF FF 00 80 00 80
I 000000 02 81 20 11 00 0D 00 90 00 A1 3F 00 00 0F F1 7F FF FF 00 80 00 80
I 000000 02 81 20 11 00 0D 00 90 00 A1 3F 00 00 0F 00 80 FF FF 00 80 00 80
I 000000 02 81 20 11 00 0D 00 90 00 A1 3F 00 00 0F 00 80 FF FF 00 80 00 80
I 000000 02 81 20 11 00 0D 00 90 00 A1 3F 00 00 0F 00 80 FF FF 00 80 00 80
I 000000 02 81 20 11 00 0D 00 90 00 A1 3F 00 00 0F 00 80 FF FF 00 80 00 80
I 000000 02 81 20 11 00 0D 00 90 00 A1 3F 00 00 0F C2 F2 03 F7 00 80 00 80
I 000000 02 81 20 11 00 0D 00 90 00 A1 3F 00 00 0F 0F F5 E1 F1 00 80 00 80
I 000000 02 81 20 11 00 0D 00 90 00 A1 3F 00 00 0F 67 F9 CF E5 00 80 00 80
I 000000 02 81 20 11 00 0D 00 90 00 A1 3F 00 00 0F FF FF C6 CE 00 80 00 80
I 000000 02 81 20 11 00 0D 00 90 00 A1 3F 00 00 0F FF FF 00 80 00 80 00 80
I 000000 02 81 20 11 00 0D 00 90 00 A1 3F 00 00 0F FF FF 00 80 00 80 00 80
I 000000 02 81 20 11 00 0D 00 90 00 A1 3F 00 00 0F FF FF 2B 58 00 80 00 80
I 000000 02 81 20 11 00 0D 00 90 00 A1 3F 00 00 0F FF FF 6A 50 00 80 00 80
I 000000 02 81 20 11 00 0D 00 90 00 A1 3F 00 00 0F FF FF DF 49 00 80 00 80
I 000000 02 81 20 11 00 0D 00 90 00 A1 3F 00 00 0F FF FF 94 48 00 80 00 80
I 000000 02 81 20 11 00 0D 00 90 00 A1 3F 00 00 0F FF FF 24 48 00 80 00 80
I 000000 02 81 20 11 00 0D 00 90 00 A1 3F 00 00 0F B0 F8 8D 48 00 80 00 80
I 000000 02 81 20 11 00 0D 00 90 00 A1 3F 00 00 0F EE ED 6A 48 00 80 00 80
I 000000 02 81 20 11 00 0D 00 90 00 A1 3F 00 00 0F 77 DE 94 48 00 80 00 80
I 000000 02 81 20 11 00 0D 00 90 00 A1 3F 00 00 0F 00 80 00 80 00 80 00 80
I 000000 02 81 20 11 00 0D 00 90 00 A1 3F 00 00 0F 00 80 00 80 00 80 00 80
I 000000 02 81 20 11 00 0D 00 90 00 A1 3F 00 00 0F 00 80 00 80 00 80 00 80
I 000000 02 81 20 11 00 0D 00 90 00 A1 3F 00 00 0F 00 80 00 80 00 80 00 80
I 000000 02 81 20 11 00 0D 00 90 00 A1 3F 00 00 0F 00 80 00 80 00 80 00 80
I 000000 02 81 20 11 00 0D 00 90 00 A1 3F 00 00 0F 00 80 00 80 00 80 00 80
I 000000 02 81 20 11 00 0D 00 90 00 A1 3F 00 00 0F 84 86 00 80 00 80 00 80
I 000000 02 81 20 11 00 0D 00 90 00 A1 3F 00 00 0F 06 90 65 72 00 80 00 80
I 000000 02 81 20 11 00 0D 00 90 00 A1 3F 00 00 0F FA 96 43 64 00 80 00 80
I 000000 02 81 20 11 00 0D 00 90 00 A1 3F 00 00 0F 3E A3 2C 45 00 80 00 80
I 000000 02 81 20 11 00 0D 00 90 00 A1 3F 00 00 0F 28 A6 43 34 00 80 00 80
I 000000 02 81 20 11 00 0D 00 90 00 A1 3F 00 00 0F 70 A6 27 24 00 80 00 80
I 000000 02 81 20 11 00 0D 00 90 00 A1 3F 00 00 0F 70 A6 EF 13 00 80 00 80
I 000000 02 81 20 11 00 0D 00 90 00 A1 3F 00 00 0F 00 80 00 00 00 80 00 80
I 000000 02 81 20 11 00 0D 00 90 00 A1 3F 00 00 0F 00 80 00 00 00 80 00 80
I 000000 02 81 20 11 00 0D 00 90 00 A1 3F 00 00 0F F2 0A 8F 0A 00 80 00 80
I 000000 02 81 20 11 00 0D 00 90 00 A1 3F 00 00 0F C5 0A 60 0C 00 80 00 80
I 000000 02 81 20 11 00 0D 00 90 00 A1 3F 00 00 0F C2 09 74 0F 00 80 00 80
I 000000 02 81 20 11 00 0D 00 90 00 A1 3F 00 00 0F 1F 08 1F 17 00 80 00 80
I 000000 02 81 20 11 00 0D 00 90 00 A1 3F 00 00 0F 00 00 DA 6B 00 80 00 80
I 000000 02 81 20 11 00 0D 00 90 00 A1 3F 00 00 0F 00 00 34 77 00 80 00 80
I 000000 02 81 20 11 00 0D 00 90 00 A1 3F 00 00 0F 00 00 00 80 00 80 00 80
I 000000 02 81 20 11 00 0D 00 90 00 A1 3F 00 00 0F 00 00 00 80 00 80 00 80
I 000000 02 81 20 11 00 0D 00 90 00 A1 3F 00 00 0F 00 00 00 80 00 80 00 80
I 000000 02 81 20 11 00 0D 00 90 00 A1 3F 00 00 0F 00 00 00 80 00 80 00 80
I 000000 02 81 20 11 00 0D 00 90 00 A1 3F 00 00 0F 00 00 00 80 00 80 00 80
I 000000 02 81 20 11 00 0D 00 90 00 A1 3F 00 00 0F 00 00 00 80 00 80 00 80
I 000000 02 81 20 11 00 0D 00 90 00 A1 3F 00 00 0F 00 00 B7 8B 00 80 00 80
I 000000 02 81 20 11 00 0D 00 90 00 A1 3F 00 00 0F 00 00 78 A0 00 80 00 80
I 000000 02 81 20 11 00 0D 00 90 00 A1 3F 00 00 0F 00 00 54 AC 00 80 00 80
I 000000 02 81 20 11 00 0D 00 90 00 A1 3F 00 00 0F 00 00 9F C1 00 80 00 80
I 000000 02 81 20 11 00 0D 00 90 00 A1 3F 00 00 0F 00 00 E4 DA 00 80 00 80
I 000000 02 81 20 11 00 0D 00 90 00 A1 3F 00 00 0F 00 00 39 F7 00 80 00 80
I 000000 02 81 20 11 00 0D 00 90 00 A1 3F 00 00 0F 00 00 B7 F7 00 80 00 80
I 000000 02 81 20 11 00 0D 00 90 00 A1 3F 00 00 0F 00 00 B7 F7 00 80 00 80
I 000000 02 81 20 11 00 0D 00 90 00 A1 3F 00 00 0F 00 00 B7 F7 00 80 00 80
I 000000 02 81 20 11 00 0D 00 90 00 A1 3F 00 00 0F 00 00 F3 F7 00 80 00 80
I 000000 02 81 20 11 00 0D 00 90 00 A1 3F 00 00 0F 00 00 78 F8 00 80 00 80
I 000000 02 81 20 11 00 0D 00 90 00 A1 3F 00 00 0F 00 00 78 F8 00 80 00 80
I 000000 02 81 20 11 00 0D 00 90 00 A1 3F 00 00 0F 00 00 39 F9 00 80 00 80
I 000000 02 81 20 11 00 0D 00 90 00 A1 3F 00 00 0F 00 00 F9 F9 00 80 00 80
I 000000 02 81 20 11 00 0D 00 90 00 A1 3F 00 00 0F 00 00 54 FA 00 80 00 80
I 000000 02 81 20 11 00 0D 00 90 00 A1 3F 00 00 0F 00 00 6C FA 00 80 00 80
I 000000 02 81 20 11 00 0D 00 90 00 A1 3F 00 00 0F 00 00 30 FC 00 80 00 80
I 000000 02 81 20 11 00 0D 00 90 00 A1 3F 00 00 0F 9E 4A FF FF 00 80 00 80
I 000000 02 81 20 11 00 0D 00 90 00 A1 3F 00 00 0F 93 66 FF FF 00 80 00 80
I 000000 02 81 20 11 00 0D 00 90 00 A1 3F 00 00 0F 00 80 FF FF 00 80 00 80
I 000000 02 81 20 11 00 0D 00 90 00 A1 3F 00 00 0F 00 80 FF FF 00 80 00 80
I 000000 02 81 20 11 00 0D 00 90 00 A1 3F 00 00 0F 00 80 FF FF 00 80 00 80
I 000000 02 81 20 11 00 0D 00 90 00 A1 3F 00 00 0F 00 80 FF FF 00 80 00 80
I 000000 02 81 20 11 00 0D 00 90 00 A1 3F 00 00 0F 00 80 FF FF 00 80 00 80
I 000000 02 81 20 11 00 0D 00 90 00 A1 3F 00 00 0F AE E3 C6 FE 00 80 00 80
I 000000 02 81 20 11 00 0D 00 90 00 A1 3F 00 00 0F AE F3 09 F5 00 80 00 80
I 000000 02 81 20 11 00 0D 00 90 00 A1 3F 00 00 0F 89 F8 90 E8 00 80 00 80
I 000000 02 81 20 11 00 0D 00 90 00 A1 3F 00 00 0F 70 FF 09 D1 00 80 00 80
I 000000 02 81 20 11 00 0D 00 90 00 A1 3F 00 00 0F FF FF 63 C1 00 80 00 80
I 000000 02 81 20 11 00 0D 00 90 00 A1 3F 00 00 0F FF FF CF AD 00 80 00 80
I 000000 02 81 20 11 00 0D 00 90 00 A1 3F 00 00 0F FF FF 00 80 00 80 00 80
I 000000 02 81 20 11 00 0D 00 90 00 A1 3F 00 00 0F FF FF 00 80 00 80 00 80
I 000000 02 81 20 11 00 0D 00 90 00 A1 3F 00 00 0F FF FF 00 80 00 80 00 80
I 000000 02 81 20 11 00 0D 00 90 00 A1 3F 00 00 0F FF FF 00 80 00 80 00 80
I 000000 02 81 20 11 00 0D 00 90 00 A1 3F 00 00 0F FF FF 00 80 00 80 00 80
I 000000 02 81 20 11 00 0D 00 90 00 A1 3F 00 00 0F FF FF 00 80 00 80 00 80
I 000000 02 81 20 11 00 0D 00 90 00 A1 3F 00 00 0F FF FF AD 64 00 80 00 80
I 000000 02 81 20 11 00 0D 00 90 00 A1 3F 00 00 0F FF FF 49 4A 00 80 00 80
I 000000 02 81 20 11 00 0D 00 90 00 A1 3F 00 00 0F FF FF A4 2A 00 80 00 80
I 000000 02 81 20 11 00 0D 00 90 00 A1 3F 00 00 0F 80 FB AE 09 00 80 00 80
I 000000 02 81 20 11 00 0D 00 90 00 A1 3F 00 00 0F 80 FB AE 09 00 80 00 80
I 000000 02 81 20 11 00 0D 00 90 00 A1 3F 00 00 0F F0 FA AE 09 00 80 00 80
I 000000 02 81 20 11 00 0D 00 90 00 A1 3F 00 00 0F 00 80 00 00 00 80 00 80
I 000000 02 81 20 11 00 0D 00 90 00 A1 3F 00 00 0F 00 80 00 00 00 80 00 80
I 000000 02 81 20 11 00 0D 00 90 00 A1 3F 00 00 0F 00 80 00 00 00 80 00 80
I 000000 02 81 20 11 00 0D 00 90 00 A1 3F 00 00 0F 00 80 00 00 00 80 00 80
I 000000 02 81 20 11 00 0D 00 90 00 A1 3F 00 00 0F 00 80 00 00 00 80 00 80
I 000000 02 81 20 11 00 0D 00 90 00 A1 3F 00 00 0F 00 80 00 00 00 80 00 80
I 000000 02 81 20 11 00 0D 00 90 00 A1 3F 00 00 0F 93 66 00 00 00 80 00 80
I 000000 02 81 20 11 00 0D 00 90 00 A1 3F 00 00 0F F1 47 00 00 00 80 00 80
I 000000 02 81 20 11 00 0D 00 90 00 A1 3F 00 00 0F 00 00 84 3E 00 80 00 80
I 000000 02 81 20 11 00 0D 00 90 00 A1 3F 00 00 0F 00 00 A2 50 00 80 00 80
I 000000 02 81 20 11 00 0D 00 90 00 A1 3F 00 00 0F 00 00 D5 5A 00 80 00 80
I 000000 02 81 20 11 00 0D 00 90 00 A1 3F 00 00 0F 00 00 00 80 00 80 00 80
I 000000 02 81 20 11 00 0D 00 90 00 A1 3F 00 00 0F 00 00 00 80 00 80 00 80
I 000000 02 81 20 11 00 0D 00 90 00 A1 3F 00 00 0F 00 00 00 80 00 80 00 80
I 000000 02 81 20 11 00 0D 00 90 00 A1 3F 00 00 0F 00 00 00 80 00 80 00 80
I 000000 02 81 20 11 00 0D 00 90 00 A1 3F 00 00 0F 00 00 00 80 00 80 00 80
I 000000 02 81 20 11 00 0D 00 90 00 A1 3F 00 00 0F 00 00 00 80 00 80 00 80
I 000000 02 81 20 11 00 0D 00 90 00 A1 3F 00 00 0F 00 00 33 8F 00 80 00 80
I 000000 02 81 20 11 00 0D 00 90 00 A1 3F 00 00 0F 00 00 6F A1 00 80 00 80
I 000000 02 81 20 11 00 0D 00 90 00 A1 3F 00 00 0F 00 00 75 B3 00 80 00 80
I 000000 02 81 20 11 00 0D 00 90 00 A1 3F 00 00 0F 00 00 F6 F6 00 80 00 80
I 000000 02 81 20 11 00 0D 00 90 00 A1 3F 00 00 0F 00 00 F6 F6 00 80 00 80
I 000000 02 81 20 11 00 0D 00 90 00 A1 3F 00 00 0F 00 00 F6 F6 00 80 00 80
I 000000 02 81 20 11 00 0D 00 90 00 A1 3F 00 00 0F 00 00 F6 F6 00 80 00 80
I 000000 02 81 20 11 00 0D 00 90 00 A1 3F 00 00 0F 00 00 A5 F7 00 80 00 80
I 000000 02 81 20 11 00 0D 00 90 00 A1 3F 00 00 0F 00 00 B7 F7 00 80 00 80
I 000000 02 81 20 11 00 0D 00 90 00 A1 3F 00 00 0F 65 26 FF FF 00 80 00 80
I 000000 02 81 20 11 00 0D 00 90 00 A1 3F 00 00 0F FD 43 FF FF 00 80 00 80
I 000000 02 81 20 11 00 0D 00 90 00 A1 3F 00 00 0F C3 6C FF FF 00 80 00 80
I 000000 02 81 20 11 00 0D 00 90 00 A1 3F 00 00 0F 00 80 FF FF 00 80 00 80
I 000000 02 81 20 11 00 0D 00 90 00 A1 3F 00 00 0F 00 80 FF FF 00 80 00 80
I 000000 02 81 20 11 00 0D 00 90 00 A1 3F 00 00 0F 00 80 FF FF 00 80 00 80
I 000000 02 81 20 11 00 0D 00 90 00 A1 3F 00 00 0F 00 80 FF FF 00 80 00 80
I 000000 02 81 20 11 00 0D 00 90 00 A1 3F 00 00 0F AF A2 FF FF 00 80 00 80
I 000000 02 81 20 11 00 0D 00 90 00 A1 3F 00 00 0F 27 B8 FF FF 00 80 00 80
I 000000 02 81 20 11 00 0D 00 90 00 A1 3F 00 00 0F 94 D2 FF FF 00 80 00 80
I 000000 02 81 20 11 00 0D 00 90 00 A1 3F 00 00 0F A2 F1 5D F7 00 80 00 80
I 000000 02 81 20 11 00 0D 00 90 00 A1 3F 00 00 0F DC F2 F6 F6 00 80 00 80
I 000000 02 81 20 11 00 0D 00 90 00 A1 3F 00 00 0F E9 F2 96 F6 00 80 00 80
I 000000 02 81 20 11 00 0D 00 90 00 A1 3F 00 00 0F FF FF F6 AA 00 80 00 80
I 000000 02 81 20 11 00 0D 00 90 00 A1 3F 00 00 0F FF FF 06 9E 00 80 00 80
I 000000 02 81 20 11 00 0D 00 90 00 A1 3F 00 00 0F FF FF 00 80 00 80 00 80
I 000000 02 81 20 11 00 0D 00 90 00 A1 3F 00 00 0F FF FF 00 80 00 80 00 80
I 000000 02 81 20 11 00 0D 00 90 00 A1 3F 00 00 0F FF FF 00 80 00 80 00 80
I 000000 02 81 20 11 00 0D 00 90 00 A1 3F 00 00 0F FF FF 00 80 00 80 00 80
I 000000 02 81 20 11 00 0D 00 90 00 A1 3F 00 00 0F FF FF 00 80 00 80 00 80
I 000000 02 81 20 11 00 0D 00 90 00 A1 3F 00 00 0F FF FF 00 80 00 80 00 80
I 000000 02 81 20 11 00 0D 00 90 00 A1 3F 00 00 0F FF FF 66 7F 00 80 00 80
I 000000 02 81 20 11 00 0D 00 90 00 A1 3F 00 00 0F FF FF 52 61 00 80 00 80
I 000000 02 81 20 11 00 0D 00 90 00 A1 3F 00 00 0F FF FF F0 40 00 80 00 80
I 000000 02 81 20 11 00 0D 00 90 00 A1 3F 00 00 0F F7 DC 09 02 00 80 00 80
I 000000 02 81 20 11 00 0D 00 90 00 A1 3F 00 00 0F 4F C8 00 00 00 80 00 80
I 000000 02 81 20 11 00 0D 00 90 00 A1 3F 00 00 0F 00 80 00 00 00 80 00 80
I 000000 02 81 20 11 00 0D 00 90 00 A1 3F 00 00 0F 00 80 00 00 00 80 00 80
I 000000 02 81 20 11 00 0D 00 90 00 A1 3F 00 00 0F 00 80 00 00 00 80 00 80
I 000000 02 81 20 11 00 0D 00 90 00 A1 3F 00 00 0F 00 80 00 00 00 80 00 80
I 000000 02 81 20 11 00 0D 00 90 00 A1 3F 00 00 0F F0 64 00 00 00 80 00 80
I 000000 02 81 20 11 00 0D 00 90 00 A1 3F 00 00 0F 83 4B 00 00 00 80 00 80
I 000000 02 81 20 11 00 0D 00 90 00 A1 3F 00 00 0F 0C 2C 65 02 00 80 00 80
I 000000 02 81 20 11 00 0D 00 90 00 A1 3F 00 00 0F 8F 12 47 08 00 80 00 80
I 000000 02 81 20 11 00 0D 00 90 00 A1 3F 00 00 0F BE 05 97 27 00 80 00 80
I 000000 02 81 20 11 00 0D 00 90 00 A1 3F 00 00 0F 00 00 C6 35 00 80 00 80
I 000000 02 81 20 11 00 0D 00 90 00 A1 3F 00 00 0F 00 00 6D 47 00 80 00 80
I 000000 02 81 20 11 00 0D 00 90 00 A1 3F 00 00 0F 00 00 28 59 00 80 00 80
I 000000 02 81 20 11 00 0D 00 90 00 A1 3F 00 00 0F 00 00 AF 66 00 80 00 80
I 000000 02 81 20 11 00 0D 00 90 00 A1 3F 00 00 0F 00 00 67 74 00 80 00 80
I 000000 02 81 20 11 00 0D 00 90 00 A1 3F 00 00 0F 00 00 00 80 00 80 00 80
I 000000 02 81 20 11 00 0D 00 90 00 A1 3F 00 00 0F 00 00 00 80 00 80 00 80
I 000000 02 81 20 11 00 0D 00 90 00 A1 3F 00 00 0F 00 00 00 80 00 80 00 80
I 000000 02 81 20 11 00 0D 00 90 00 A1 3F 00 00 0F 00 00 00 80 00 80 00 80
I 000000 02 81 20 11 00 0D 00 90 00 A1 3F 00 00 0F 00 00 00 80 00 80 00 80
I 000000 02 81 20 11 00 0D 00 90 00 A1 3F 00 00 0F 00 00 00 80 00 80 00 80
I 000000 02 81 20 11 00 0D 00 90 00 A1 3F 00 00 0F 00 00 30 A2 00 80 00 80
I 000000 02 81 20 11 00 0D 00 90 00 A1 3F 00 00 0F 00 00 78 C8 00 80 00 80
I 000000 02 81 20 11 00 0D 00 90 00 A1 3F 00 00 0F 00 00 E4 F4 00 80 00 80
I 000000 02 81 20 11 00 0D 00 90 00 A1 3F 00 00 0F 00 00 1B F7 00 80 00 80
I 000000 02 81 20 11 00 0D 00 90 00 A1 3F 00 00 0F 00 00 99 F7 00 80 00 80
I 000000 02 81 20 11 00 0D 00 90 00 A1 3F 00 00 0F 00 00 B7 F7 00 80 00 80
I 000000 02 81 20 11 00 0D 00 90 00 A1 3F 00 00 0F 00 00 78 F8 00 80 00 80
I 000000 02 81 20 11 00 0D 00 90 00 A1 3F 00 00 0F 00 80 FF FF 00 80 00 80
I 000000 02 81 20 11 00 0D 00 90 00 A1 3F 00 00 0F 00 80 FF FF 00 80 00 80
I 000000 02 81 20 11 00 0D 00 90 00 A1 3F 00 00 0F 00 80 FF FF 00 80 00 80
I 000000 02 81 20 11 00 0D 00 90 00 A1 3F 00 00 0F 00 80 FF FF 00 80 00 80
I 000000 02 81 20 11 00 0D 00 90 00 A1 3F 00 00 0F E9 8A FF FF 00 80 00 80
I 000000 02 81 20 11 00 0D 00 90 00 A1 3F 00 00 0F 3B F6 BA EE 00 80 00 80
I 000000 02 81 20 11 00 0D 00 90 00 A1 3F 00 00 0F 89 FB 6F DB 00 80 00 80
I 000000 02 81 20 11 00 0D 00 90 00 A1 3F 00 00 0F FF FF 00 80 00 80 00 80
I 000000 02 81 20 11 00 0D 00 90 00 A1 3F 00 00 0F FF FF 00 80 00 80 00 80
I 000000 02 81 20 11 00 0D 00 90 00 A1 3F 00 00 0F FF FF 00 80 00 80 00 80
I 000000 02 81 20 11 00 0D 00 90 00 A1 3F 00 00 0F FF FF 00 80 00 80 00 80
I 000000 02 81 20 11 00 0D 00 90 00 A1 3F 00 00 0F FF FF 00 80 00 80 00 80
I 000000 02 81 20 11 00 0D 00 90 00 A1 3F 00 00 0F FF FF 00 80 00 80 00 80
I 000000 02 81 20 11 00 0D 00 90 00 A1 3F 00 00 0F C6 DA 00 80 00 80 00 80
I 000000 02 81 20 11 00 0D 00 90 00 A1 3F 00 00 0F 91 9B 00 80 00 80 00 80
I 000000 02 81 20 11 00 0D 00 90 00 A1 3F 00 00 0F 00 80 00 80 00 80 00 80
I 000000 02 81 20 11 00 0D 00 90 00 A1 3F 00 00 0F 00 80 00 80 00 80 00 80
I 000000 02 81 20 11 00 0D 00 90 00 A1 3F 00 00 0F 00 80 00 80 00 80 00 80
I 000000 02 81 20 11 00 0D 00 90 00 A1 3F 00 00 0F 00 80 00 80 00 80 00 80
I 000000 02 81 20 11 00 0D 00 90 00 A1 3F 00 00 0F 00 80 00 80 00 80 00 80
I 000000 02 81 20 11 00 0D 00 90 00 A1 3F 00 00 0F 00 80 00 80 00 80 00 80
I 000000 02 81 20 11 00 0D 00 90 00 A1 3F 00 00 0F 00 80 00 80 99 6F 00 80
I 000000 02 81 20 11 00 0D 00 90 00 A1 3F 00 00 0F 00 80 00 80 D0 18 00 80
I 000000 02 81 20 11 00 0D 00 90 00 A1 3F 00 00 0F 00 80 00 80 00 00 00 80
I 000000 02 81 20 11 00 0D 00 90 00 A1 3F 00 00 0F 00 80 00 80 00 00 00 80
I 000000 02 81 20 11 00 0D 00 90 00 A1 3F 00 00 0F 00 80 00 80 00 00 00 80
I 000000 02 81 20 11 00 0D 00 90 00 A1 3F 00 00 0F 00 80 00 80 00 00 00 80
I 000000 02 81 20 11 00 0D 00 90 00 A1 3F 00 00 0F 00 80 00 80 00 00 00 80
I 000000 02 81 20 11 00 0D 00 90 00 A1 3F 00 00 0F 00 80 00 80 00 00 00 80
I 000000 02 81 20 11 00 0D 00 90 00 A1 3F 00 00 0F 00 80 00 80 00 00 7B 6E
I 000000 02 81 20 11 00 0D 00 90 00 A1 3F 00 00 0F 00 80 00 80 00 00 52 42
I 000000 02 81 20 11 00 0D 00 90 00 A1 3F 00 00 0F 00 80 00 80 00 00 96 00
I 000000 02 81 20 11 00 0D 00 90 00 A1 3F 00 00 0F 00 80 00 80 00 00 00 00
I 000000 02 81 20 11 00 0D 00 90 00 A1 3F 00 00 0F 00 80 00 80 00 00 00 00
I 000000 02 81 20 11 00 0D 00 90 00 A1 3F 00 00 0F 00 80 00 80 00 00 00 00
I 000000 02 81 20 11 00 0D 00 90 00 A1 3F 00 00 0F 00 80 00 80 00 00 00 00
I 000000 02 81 20 11 00 0D 00 90 00 A1 3F 00 00 0F 00 80 00 80 00 00 00 00
I 000000 02 81 20 11 00 0D 00 90 00 A1 3F 00 00 0F 00 80 00 80 70 0A 00 00
I 000000 02 81 20 11 00 0D 00 90 00 A1 3F 00 00 0F 00 80 00 80 F1 23 00 00
I 000000 02 81 20 11 00 0D 00 90 00 A1 3F 00 00 0F 00 80 00 80 E1 36 00 00
I 000000 02 81 20 11 00 0D 00 90 00 A1 3F 00 00 0F 00 80 00 80 00 80 00 00
I 000000 02 81 20 11 00 0D 00 90 00 A1 3F 00 00 0F 00 80 00 80 00 80 00 00
I 000000 02 81 20 11 00 0D 00 90 00 A1 3F 00 00 0F 00 80 00 80 00 80 00 00
I 000000 02 81 20 11 00 0D 00 90 00 A1 3F 00 00 0F 00 80 00 80 00 80 00 00
I 000000 02 81 20 11 00 0D 00 90 00 A1 3F 00 00 0F 00 80 00 80 FF FF 34 00
I 000000 02 81 20 11 00 0D 00 90 00 A1 3F 00 00 0F 00 80 00 80 FF FF C2 06
I 000000 02 81 20 11 00 0D 00 90 00 A1 3F 00 00 0F 00 80 00 80 FF FF 00 80
I 000000 02 81 20 11 00 0D 00 90 00 A1 3F 00 00 0F 00 80 00 80 FF FF 00 80
I 000000 02 81 20 11 00 0D 00 90 00 A1 3F 00 00 0F 00 80 00 80 FF FF 00 80
I 000000 02 81 20 11 00 0D 00 90 00 A1 3F 00 00 0F 00 80 00 80 FF FF FF FF
I 000000 02 81 20 11 00 0D 00 90 00 A1 3F 00 00 0F 00 80 00 80 FF FF FF FF
I 000000 02 81 20 11 00 0D 00 90 00 A1 3F 00 00 0F 00 80 00 80 FF FF FF FF
I 000000 02 81 20 11 00 0D 00 90 00 A1 3F 00 00 0F 00 80 00 80 1F F7 FF FF
I 000000 02 81 20 11 00 0D 00 90 00 A1 3F 00 00 0F 00 80 00 80 3C 76 FF FF
I 000000 02 81 20 11 00 0D 00 90 00 A1 3F 00 00 0F 00 80 00 80 94 71 FF FF
I 000000 02 81 20 11 00 0D 00 90 00 A1 3F 00 00 0F 00 80 00 80 00 00 FF FF
I 000000 02 81 20 11 00 0D 00 90 00 A1 3F 00 00 0F 00 80 00 80 00 00 D4 F5
I 000000 02 81 20 11 00 0D 00 90 00 A1 3F 00 00 0F 00 80 00 80 00 00 96 E9
I 000000 02 81 20 11 00 0D 00 90 00 A1 3F 00 00 0F 00 80 00 80 00 00 14 D6
I 000000 02 81 20 11 00 0D 00 90 00 A1 3F 00 00 0F 00 80 00 80 00 00 02 C5
I 000000 02 81 20 11 00 0D 00 90 00 A1 3F 00 00 0F 00 80 00 80 00 00 29 AC
I 000000 02 81 20 11 00 0D 00 90 00 A1 3F 00 00 0F 00 80 00 80 00 00 84 07
I 000000 02 81 20 11 00 0D 00 90 00 A1 3F 00 00 0F 00 80 00 80 00 00 23 07
I 000000 02 81 20 11 00 0D 00 90 00 A1 3F 00 00 0F 00 80 00 80 00 00 2E 06
I 000000 02 81 20 11 00 0D 00 90 00 A1 3F 00 00 0F 00 80 00 80 00 00 FA 02
I 000000 02 81 20 11 00 0D 00 90 00 A1 3F 00 00 0F 00 80 00 80 13 50 00 00
I 000000 02 81 20 11 00 0D 00 90 00 A1 3F 00 00 0F 00 80 00 80 DB 66 00 00
I 000000 02 81 20 11 00 0D 00 90 00 A1 3F 00 00 0F 00 80 00 80 3B 7C 00 00
I 000000 02 81 20 11 00 0D 00 90 00 A1 3F 00 00 0F 00 80 00 80 00 80 00 00
I 000000 02 81 20 11 00 0D 00 90 00 A1 3F 00 00 0F 00 80 00 80 00 80 00 00
I 000000 02 81 20 11 00 0D 00 90 00 A1 3F 00 00 0F 00 80 00 80 00 80 00 00
I 000000 02 81 20 11 00 0D 00 90 00 A1 3F 00 00 0F 00 80 00 80 00 80 00 00
I 000000 02 81 20 11 00 0D 00 90 00 A1 3F 00 00 0F 00 80 00 80 5C 87 00 00
I 000000 02 81 20 11 00 0D 00 90 00 A1 3F 00 00 0F 00 80 00 80 A3 A0 00 00
I 000000 02 81 20 11 00 0D 00 90 00 A1 3F 00 00 0F 00 80 00 80 E6 BB 00 00
I 000000 02 81 20 11 00 0D 00 90 00 A1 3F 00 00 0F 00 80 00 80 AE CF 54 05
I 000000 02 81 20 11 00 0D 00 90 00 A1 3F 00 00 0F 00 80 00 80 E3 E5 A7 0F
I 000000 02 81 20 11 00 0D 00 90 00 A1 3F 00 00 0F 00 80 00 80 FF FF 7A 16
I 000000 02 81 20 11 00 0D 00 90 00 A1 3F 00 00 0F 00 80 00 80 FF FF A0 1B
I 000000 02 81 20 11 00 0D 00 90 00 A1 3F 00 00 0F 00 80 00 80 FF FF E0 24
I 000000 02 81 20 11 00 0D 00 90 00 A1 3F 00 00 0F 00 80 00 80 FF FF 00 80
I 000000 02 81 20 11 00 0D 00 90 00 A1 3F 00 00 0F 00 80 00 80 FF FF 00 80
I 000000 02 81 20 11 00 0D 00 90 00 A1 3F 00 00 0F 00 80 00 80 FF FF 00 80
I 000000 02 81 20 11 00 0D 00 90 00 A1 3F 00 00 0F 00 80 00 80 FF FF 00 80
I 000000 02 81 20 11 00 0D 00 90 00 A1 3F 00 00 0F 00 80 00 80 FF FF 00 80
I 000000 02 81 20 11 00 0D 00 90 00 A1 3F 00 00 0F 00 80 00 80 FF FF 00 80
I 000000 02 81 20 11 00 0D 00 90 00 A1 3F 00 00 0F 00 80 00 80 FF FF FF 88
I 000000 02 81 20 11 00 0D 00 90 00 A1 3F 00 00 0F 00 80 00 80 FF FF D9 9D
I 000000 02 81 20 11 00 0D 00 90 00 A1 3F 00 00 0F 00 80 00 80 19 D9 FF FF
I 000000 02 81 20 11 00 0D 00 90 00 A1 3F 00 00 0F 00 80 00 80 43 C9 FF FF
I 000000 02 81 20 11 00 0D 00 90 00 A1 3F 00 00 0F 00 80 00 80 00 80 FF FF
I 000000 02 81 20 11 00 0D 00 90 00 A1 3F 00 00 0F 00 80 00 80 00 80 FF FF
I 000000 02 81 20 11 00 0D 00 90 00 A1 3F 00 00 0F 00 80 00 80 00 80 FF FF
I 000000 02 81 20 11 00 0D 00 90 00 A1 3F 00 00 0F 00 80 00 80 00 80 FF FF
I 000000 02 81 20 11 00 0D 00 90 00 A1 3F 00 00 0F 00 80 00 80 00 00 19 F5
I 000000 02 81 20 11 00 0D 00 90 00 A1 3F 00 00 0F 00 80 00 80 00 00 26 E8
I 000000 02 81 20 11 00 0D 00 90 00 A1 3F 00 00 0F 00 80 00 80 00 00 00 80
I 000000 02 81 20 11 00 0D 00 90 00 A1 3F 00 00 0F 00 80 00 80 00 00 00 80
I 000000 02 81 20 11 00 0D 00 90 00 A1 3F 00 00 0F 00 80 00 80 00 00 00 80
I 000000 02 81 20 11 00 0D 00 90 00 A1 3F 00 00 0F 00 80 00 80 00 00 00 80
I 000000 02 81 20 11 00 0D 00 90 00 A1 3F 00 00 0F 00 80 00 80 00 00 00 80
I 000000 02 81 20 11 00 0D 00 90 00 A1 3F 00 00 0F 00 80 00 80 00 00 00 72
I 000000 02 81 20 11 00 0D 00 90 00 A1 3F 00 00 0F 00 80 00 80 00 00 67 08
I 000000 02 81 20 11 00 0D 00 90 00 A1 3F 00 00 0F 00 80 00 80 00 00 67 08
I 000000 02 81 20 11 00 0D 00 90 00 A1 3F 00 00 0F 00 80 00 80 00 00 67 08
I 000000 02 81 20 11 00 0D 00 90 00 A1 3F 00 00 0F 00 80 00 80 00 00 4D 07
I 000000 02 81 20 11 00 0D 00 90 00 A1 3F 00 00 0F 00 80 00 80 00 00 40 04
I 000000 02 81 20 11 00 0D 00 90 00 A1 3F 00 00 0F 00 80 00 80 63 29 00 00
I 000000 02 81 20 11 00 0D 00 90 00 A1 3F 00 00 0F 00 80 00 80 68 38 00 00
I 000000 02 81 20 11 00 0D 00 90 00 A1 3F 00 00 0F 00 80 00 80 00 80 00 00
I 000000 02 81 20 11 00 0D 00 90 00 A1 3F 00 00 0F 00 80 00 80 00 80 00 00
I 000000 02 81 20 11 00 0D 00 90 00 A1 3F 00 00 0F 00 80 00 80 00 80 00 00
I 000000 02 81 20 11 00 0D 00 90 00 A1 3F 00 00 0F 00 80 00 80 00 80 00 00
I 000000 02 81 20 11 00 0D 00 90 00 A1 3F 00 00 0F 00 80 00 80 00 80 00 00
I 000000 02 81 20 11 00 0D 00 90 00 A1 3F 00 00 0F 00 80 00 80 00 80 00 00
I 000000 02 81 20 11 00 0D 00 90 00 A1 3F 00 00 0F 00 80 00 80 4D 83 00 00
I 000000 02 81 20 11 00 0D 00 90 00 A1 3F 00 00 0F 00 80 00 80 00 98 00 00
I 000000 02 81 20 11 00 0D 00 90 00 A1 3F 00 00 0F 00 80 00 80 FC D4 FA 10
I 000000 02 81 20 11 00 0D 00 90 00 A1 3F 00 00 0F 00 80 00 80 12 EA 8D 17
I 000000 02 81 20 11 00 0D 00 90 00 A1 3F 00 00 0F 00 80 00 80 7E F2 AD 25
I 000000 02 81 20 11 00 0D 00 90 00 A1 3F 00 00 0F 00 80 00 80 EA FA E0 34
I 000000 02 81 20 11 00 0D 00 90 00 A1 3F 00 00 0F 00 80 00 80 FF FF 00 80
I 000000 02 81 20 11 00 0D 00 90 00 A1 3F 00 00 0F 00 80 00 80 FF FF 00 80
I 000000 02 81 20 11 00 0D 00 90 00 A1 3F 00 00 0F 00 80 00 80 FF FF 00 80
I 000000 02 81 20 11 00 0D 00 90 00 A1 3F 00 00 0F 00 80 00 80 FF FF 00 80
I 000000 02 81 20 11 00 0D 00 90 00 A1 3F 00 00 0F 00 80 00 80 20 F6 6A FC
I 000000 02 81 20 11 00 0D 00 90 00 A1 3F 00 00 0F 00 80 00 80 82 F5 A2 FD
I 000000 02 81 20 11 00 0D 00 90 00 A1 3F 00 00 0F 00 80 00 80 0E F5 06 FE
I 000000 02 81 20 11 00 0D 00 90 00 A1 3F 00 00 0F 00 80 00 80 7D DD FF FF
I 000000 02 81 20 11 00 0D 00 90 00 A1 3F 00 00 0F 00 80 00 80 EC CE FF FF
I 000000 02 81 20 11 00 0D 00 90 00 A1 3F 00 00 0F 00 80 00 80 DD BE FF FF
I 000000 02 81 20 11 00 0D 00 90 00 A1 3F 00 00 0F 00 80 00 80 51 91 FF FF
I 000000 02 81 20 11 00 0D 00 90 00 A1 3F 00 00 0F 00 80 00 80 00 80 FF FF
I 000000 02 81 20 11 00 0D 00 90 00 A1 3F 00 00 0F 00 80 00 80 00 80 FF FF
I 000000 02 81 20 11 00 0D 00 90 00 A1 3F 00 00 0F 00 80 00 80 00 80 FF FF
I 000000 02 81 20 11 00 0D 00 90 00 A1 3F 00 00 0F 00 80 00 80 0D 71 FF FF
I 000000 02 81 20 11 00 0D 00 90 00 A1 3F 00 00 0F 00 80 00 80 8C 5E FF FF
I 000000 02 81 20 11 00 0D 00 90 00 A1 3F 00 00 0F 00 80 00 80 00 00 53 D9
I 000000 02 81 20 11 00 0D 00 90 00 A1 3F 00 00 0F 00 80 00 80 00 00 53 CD
I 000000 02 81 20 11 00 0D 00 90 00 A1 3F 00 00 0F 00 80 00 80 00 00 00 80
I 000000 02 81 20 11 00 0D 00 90 00 A1 3F 00 00 0F 00 80 00 80 00 00 00 80
I 000000 02 81 20 11 00 0D 00 90 00 A1 3F 00 00 0F 00 80 00 80 00 00 00 80
I 000000 02 81 20 11 00 0D 00 90 00 A1 3F 00 00 0F 00 80 00 80 00 00 00 80
I 000000 02 81 20 11 00 0D 00 90 00 A1 3F 00 00 0F 00 80 00 80 00 00 00 80
I 000000 02 81 20 11 00 0D 00 90 00 A1 3F 00 00 0F 00 80 00 80 00 00 00 80
I 000000 02 81 20 11 00 0D 00 90 00 A1 3F 00 00 0F 00 80 00 80 00 00 1A 3F
I 000000 02 81 20 11 00 0D 00 90 00 A1 3F 00 00 0F 00 80 00 80 00 00 74 20
I 000000 02 81 20 11 00 0D 00 90 00 A1 3F 00 00 0F 00 80 00 80 00 00 60 08
I 000000 02 81 20 11 00 0D 00 90 00 A1 3F 00 00 0F 00 80 00 80 00 00 00 08
I 000000 02 81 20 11 00 0D 00 90 00 A1 3F 00 00 0F 00 80 00 80 00 00 A0 07
I 000000 02 81 20 11 00 0D 00 90 00 A1 3F 00 00 0F 00 80 00 80 00 00 7A 07
I 000000 02 81 20 11 00 0D 00 90 00 A1 3F 00 00 0F 00 80 00 80 00 00 67 04
I 000000 02 81 20 11 00 0D 00 90 00 A1 3F 00 00 0F 00 80 00 80 00 00 60 01
I 000000 02 81 20 11 00 0D 00 90 00 A1 3F 00 00 0F 00 80 00 80 55 06 00 00
I 000000 02 81 20 11 00 0D 00 90 00 A1 3F 00 00 0F 00 80 00 80 B3 12 00 00
I 000000 02 81 20 11 00 0D 00 90 00 A1 3F 00 00 0F 00 80 00 80 00 80 00 00
I 000000 02 81 20 11 00 0D 00 90 00 A1 3F 00 00 0F 00 80 00 80 00 80 00 00
I 000000 02 81 20 11 00 0D 00 90 00 A1 3F 00 00 0F 00 80 00 80 00 80 74 01
I 000000 02 81 20 11 00 0D 00 90 00 A1 3F 00 00 0F 00 80 00 80 00 80 BA 13
I 000000 02 81 20 11 00 0D 00 90 00 A1 3F 00 00 0F 00 80 00 80 00 80 94 2B
I 000000 02 81 20 11 00 0D 00 90 00 A1 3F 00 00 0F 00 80 00 80 00 80 20 42
I 000000 02 81 20 11 00 0D 00 90 00 A1 3F 00 00 0F 00 80 00 80 00 80 C7 5A
I 000000 02 81 20 11 00 0D 00 90 00 A1 3F 00 00 0F 00 80 00 80 00 80 C0 75
I 000000 02 81 20 11 00 0D 00 90 00 A1 3F 00 00 0F 00 80 00 80 00 80 00 80
I 000000 02 81 20 11 00 0D 00 90 00 A1 3F 00 00 0F 00 80 00 80 00 80 00 80
I 000000 02 81 20 11 00 0D 00 90 00 A1 3F 00 00 0F 00 80 00 80 00 80 00 80
I 000000 02 81 20 11 00 0D 00 90 00 A1 3F 00 00 0F 00 80 00 80 00 80 00 80
I 000000 02 81 20 11 00 0D 00 90 00 A1 3F 00 00 0F 00 80 00 80 00 80 00 80
I 000000 02 81 20 11 00 0D 00 90 00 A1 3F 00 00 0F 00 80 00 80 00 80 00 80
I 000000 02 81 20 11 00 0D 00 90 00 A1 3F 00 00 0F C5 87 00 80 00 80 00 80
I 000000 02 81 20 11 00 0D 00 90 00 A1 3F 00 00 0F F2 93 00 80 00 80 00 80
I 000000 02 81 20 11 00 0D 00 90 00 A1 3F 00 00 0F 7D A3 00 80 00 80 00 80
I 000000 02 81 20 11 00 0D 00 90 00 A1 3F 00 00 0F CF DD D5 6D 00 80 00 80
I 000000 02 81 20 11 00 0D 00 90 00 A1 3F 00 00 0F 4C E9 C7 62 00 80 00 80
I 000000 02 81 20 11 00 0D 00 90 00 A1 3F 00 00 0F EC FB 7D 1E 00 80 00 80
I 000000 02 81 20 11 00 0D 00 90 00 A1 3F 00 00 0F EC FB CD 0D 00 80 00 80
I 000000 02 81 20 11 00 0D 00 90 00 A1 3F 00 00 0F DF FB 88 0A 00 80 00 80
I 000000 02 81 20 11 00 0D 00 90 00 A1 3F 00 00 0F C5 F7 0C 09 00 80 00 80
I 000000 02 81 20 11 00 0D 00 90 00 A1 3F 00 00 0F 60 F1 00 08 00 80 00 80
I 000000 02 81 20 11 00 0D 00 90 00 A1 3F 00 00 0F E1 E6 D3 03 00 80 00 80
I 000000 02 81 20 11 00 0D 00 90 00 A1 3F 00 00 0F EC CF 00 00 00 80 00 80
I 000000 02 81 20 11 00 0D 00 90 00 A1 3F 00 00 0F 00 80 00 00 00 80 00 80
I 000000 02 81 20 11 00 0D 00 90 00 A1 3F 00 00 0F 00 80 00 00 00 80 00 80
I 000000 02 81 20 11 00 0D 00 90 00 A1 3F 00 00 0F 9E 1F 35 04 00 80 00 80
I 000000 02 81 20 11 00 0D 00 90 00 A1 3F 00 00 0F F2 0A 8F 0A 00 80 00 80
I 000000 02 81 20 11 00 0D 00 90 00 A1 3F 00 00 0F 71 0A F1 0D 00 80 00 80
I 000000 02 81 20 11 00 0D 00 90 00 A1 3F 00 00 0F CE 08 76 16 00 80 00 80
I 000000 02 81 20 11 00 0D 00 90 00 A1 3F 00 00 0F 6A 05 D5 1D 00 80 00 80
I 000000 02 81 20 11 00 0D 00 90 00 A1 3F 00 00 0F 00 00 B7 7B 00 80 00 80
I 000000 02 81 20 11 00 0D 00 90 00 A1 3F 00 00 0F 00 00 00 80 00 80 00 80
I 000000 02 81 20 11 00 0D 00 90 00 A1 3F 00 00 0F 00 00 00 80 00 80 00 80
I 000000 02 81 20 11 00 0D 00 90 00 A1 3F 00 00 0F 00 00 00 80 00 80 00 80
I 000000 02 81 20 11 00 0D 00 90 00 A1 3F 00 00 0F 00 00 00 80 00 80 00 80
I 000000 02 81 20 11 00 0D 00 90 00 A1 3F 00 00 0F 00 00 00 80 00 80 00 80
I 000000 02 81 20 11 00 0D 00 90 00 A1 3F 00 00 0F 00 00 00 80 00 80 00 80
I 000000 02 81 20 11 00 0D 00 90 00 A1 3F 00 00 0F 00 00 BA 9A 00 80 00 80
I 000000 02 81 20 11 00 0D 00 90 00 A1 3F 00 00 0F 00 00 39 B7 00 80 00 80
I 000000 02 81 20 11 00 0D 00 90 00 A1 3F 00 00 0F 00 00 42 D4 00 80 00 80
I 000000 02 81 20 11 00 0D 00 90 00 A1 3F 00 00 0F 52 42 FF FF 00 80 00 80
I 000000 02 81 20 11 00 0D 00 90 00 A1 3F 00 00 0F B3 5C FF FF 00 80 00 80
I 000000 02 81 20 11 00 0D 00 90 00 A1 3F 00 00 0F 55 7B FF FF 00 80 00 80
I 000000 02 81 20 11 00 0D 00 90 00 A1 3F 00 00 0F 00 80 FF FF 00 80 00 80
I 000000 02 81 20 11 00 0D 00 90 00 A1 3F 00 00 0F 00 80 FF FF 00 80 00 80
I 000000 02 81 20 11 00 0D 00 90 00 A1 3F 00 00 0F 00 80 FF FF 00 80 00 80
I 000000 02 81 20 11 00 0D 00 90 00 A1 3F 00 00 0F 0D 94 FF FF 00 80 00 80
I 000000 02 81 20 11 00 0D 00 90 00 A1 3F 00 00 0F 61 AC FF FF 00 80 00 80
I 000000 02 81 20 11 00 0D 00 90 00 A1 3F 00 00 0F 1B C3 FF FF 00 80 00 80
I 000000 02 81 20 11 00 0D 00 90 00 A1 3F 00 00 0F FF FF 33 C5 00 80 00 80
I 000000 02 81 20 11 00 0D 00 90 00 A1 3F 00 00 0F FF FF 2D B1 00 80 00 80
I 000000 02 81 20 11 00 0D 00 90 00 A1 3F 00 00 0F FF FF 00 80 00 80 00 80
I 000000 02 81 20 11 00 0D 00 90 00 A1 3F 00 00 0F FF FF 00 80 00 80 00 80
I 000000 02 81 20 11 00 0D 00 90 00 A1 3F 00 00 0F FF FF 00 80 00 80 00 80
I 000000 02 81 20 11 00 0D 00 90 00 A1 3F 00 00 0F FF FF 00 80 00 80 00 80
I 000000 02 81 20 11 00 0D 00 90 00 A1 3F 00 00 0F FF FF 00 80 00 80 00 80
I 000000 02 81 20 11 00 0D 00 90 00 A1 3F 00 00 0F FF FF 00 80 00 80 00 80
I 000000 02 81 20 11 00 0D 00 90 00 A1 3F 00 00 0F FF FF 69 6B 00 80 00 80
I 000000 02 81 20 11 00 0D 00 90 00 A1 3F 00 00 0F FF FF 16 50 00 80 00 80
I 000000 02 81 20 11 00 0D 00 90 00 A1 3F 00 00 0F FC FD 61 0E 00 80 00 80
I 000000 02 81 20 11 00 0D 00 90 00 A1 3F 00 00 0F 1B FB AE 09 00 80 00 80
I 000000 02 81 20 11 00 0D 00 90 00 A1 3F 00 00 0F 1B FB AE 09 00 80 00 80
I 000000 02 81 20 11 00 0D 00 90 00 A1 3F 00 00 0F 1B FB AE 09 00 80 00 80
I 000000 02 81 20 11 00 0D 00 90 00 A1 3F 00 00 0F 00 80 00 00 00 80 00 80
I 000000 02 81 20 11 00 0D 00 90 00 A1 3F 00 00 0F 00 80 00 00 00 80 00 80
I 000000 02 81 20 11 00 0D 00 90 00 A1 3F 00 00 0F A3 69 00 00 00 80 00 80
I 000000 02 81 20 11 00 0D 00 90 00 A1 3F 00 00 0F 7D 51 00 00 00 80 00 80
I 000000 02 81 20 11 00 0D 00 90 00 A1 3F 00 00 0F 2F 3B 00 00 00 80 00 80
I 000000 02 81 20 11 00 0D 00 90 00 A1 3F 00 00 0F 56 06 A9 23 00 80 00 80
I 000000 02 81 20 11 00 0D 00 90 00 A1 3F 00 00 0F 00 00 06 2E 00 80 00 80
I 000000 02 81 20 11 00 0D 00 90 00 A1 3F 00 00 0F 00 00 00 80 00 80 00 80
I 000000 02 81 20 11 00 0D 00 90 00 A1 3F 00 00 0F 00 00 00 80 00 80 00 80
I 000000 02 81 20 11 00 0D 00 90 00 A1 3F 00 00 0F 00 00 00 80 00 80 00 80
I 000000 02 81 20 11 00 0D 00 90 00 A1 3F 00 00 0F 00 00 00 80 00 80 00 80
I 000000 02 81 20 11 00 0D 00 90 00 A1 3F 00 00 0F 00 00 00 80 00 80 00 80
I 000000 02 81 20 11 00 0D 00 90 00 A1 3F 00 00 0F 00 00 00 80 00 80 00 80
I 000000 02 81 20 11 00 0D 00 90 00 A1 3F 00 00 0F 00 00 12 8A 00 80 00 80
I 000000 02 81 20 11 00 0D 00 90 00 A1 3F 00 00 0F 00 00 75 A7 00 80 00 80
I 000000 02 81 20 11 00 0D 00 90 00 A1 3F 00 00 0F 00 00 54 C8 00 80 00 80
I 000000 02 81 20 11 00 0D 00 90 00 A1 3F 00 00 0F 00 00 33 F9 00 80 00 80
I 000000 02 81 20 11 00 0D 00 90 00 A1 3F 00 00 0F 00 00 39 F9 00 80 00 80
I 000000 02 81 20 11 00 0D 00 90 00 A1 3F 00 00 0F 00 00 99 F9 00 80 00 80
I 000000 02 81 20 11 00 0D 00 90 00 A1 3F 00 00 0F 8C 01 5A FA 00 80 00 80
I 000000 02 81 20 11 00 0D 00 90 00 A1 3F 00 00 0F 00 80 FF FF 00 80 00 80
I 000000 02 81 20 11 00 0D 00 90 00 A1 3F 00 00 0F 00 80 FF FF 00 80 00 80
I 000000 02 81 20 11 00 0D 00 90 00 A1 3F 00 00 0F 00 80 FF FF 00 80 00 80
I 000000 02 81 20 11 00 0D 00 90 00 A1 3F 00 00 0F 00 80 FF FF 00 80 00 80
I 000000 02 81 20 11 00 0D 00 90 00 A1 3F 00 00 0F 00 80 FF FF 00 80 00 80
I 000000 02 81 20 11 00 0D 00 90 00 A1 3F 00 00 0F B9 8E FF FF 00 80 00 80
I 000000 02 81 20 11 00 0D 00 90 00 A1 3F 00 00 0F 1E A5 FF FF 00 80 00 80
I 000000 02 81 20 11 00 0D 00 90 00 A1 3F 00 00 0F F1 D8 FF FF 00 80 00 80
I 000000 02 81 20 11 00 0D 00 90 00 A1 3F 00 00 0F B3 F2 96 F6 00 80 00 80
I 000000 02 81 20 11 00 0D 00 90 00 A1 3F 00 00 0F F4 F2 B7 F5 00 80 00 80
I 000000 02 81 20 11 00 0D 00 90 00 A1 3F 00 00 0F FF FF 00 80 00 80 00 80
I 000000 02 81 20 11 00 0D 00 90 00 A1 3F 00 00 0F FF FF 00 80 00 80 00 80
I 000000 02 81 20 11 00 0D 00 90 00 A1 3F 00 00 0F FF FF 00 80 00 80 00 80
I 000000 02 81 20 11 00 0D 00 90 00 A1 3F 00 00 0F FF FF 00 80 00 80 00 80
I 000000 02 81 20 11 00 0D 00 90 00 A1 3F 00 00 0F FF FF 00 80 00 80 00 80
I 000000 02 81 20 11 00 0D 00 90 00 A1 3F 00 00 0F FF FF 00 80 00 80 00 80
I 000000 02 81 20 11 00 0D 00 90 00 A1 3F 00 00 0F FF FF 90 3F 00 80 00 80
I 000000 02 81 20 11 00 0D 00 90 00 A1 3F 00 00 0F FF FF 50 2A 00 80 00 80
I 000000 02 81 20 11 00 0D 00 90 00 A1 3F 00 00 0F C5 FF F0 18 00 80 00 80
I 000000 02 81 20 11 00 0D 00 90 00 A1 3F 00 00 0F 20 FC 25 0A 00 80 00 80
I 000000 02 81 20 11 00 0D 00 90 00 A1 3F 00 00 0F BD F8 2F 09 00 80 00 80
I 000000 02 81 20 11 00 0D 00 90 00 A1 3F 00 00 0F A7 F1 BD 06 00 80 00 80
I 000000 02 81 20 11 00 0D 00 90 00 A1 3F 00 00 0F A3 B4 56 15 00 80 00 80
I 000000 02 81 20 11 00 0D 00 90 00 A1 3F 00 00 0F 44 A6 0C 21 00 80 00 80
I 000000 02 81 20 11 00 0D 00 90 00 A1 3F 00 00 0F 10 9E 60 2C 00 80 00 80
I 000000 02 81 20 11 00 0D 00 90 00 A1 3F 00 00 0F 00 80 00 80 00 80 00 80
I 000000 02 81 20 11 00 0D 00 90 00 A1 3F 00 00 0F 00 80 00 80 00 80 00 80
I 000000 02 81 20 11 00 0D 00 90 00 A1 3F 00 00 0F 00 80 00 80 00 80 00 80
I 000000 02 81 20 11 00 0D 00 90 00 A1 3F 00 00 0F 00 80 00 80 00 80 00 80
I 000000 02 81 20 11 00 0D 00 90 00 A1 3F 00 00 0F 00 80 00 80 00 80 00 80
I 000000 02 81 20 11 00 0D 00 90 00 A1 3F 00 00 0F 00 80 00 80 00 80 00 80
I 000000 02 81 20 11 00 0D 00 90 00 A1 3F 00 00 06 00 80 00 80 00 80 00 80
I 000000 02 81 20 11 00 0D 00 90 00 A1 3F 00 00 06 00 80 00 80 00 80 00 80
I 000000 02 81 20 11 00 0D 00 90 00 A1 3F 00 00 06 00 80 00 80 00 80 00 80
I 000000 02 81 20 11 00 0D 00 90 00 A1 3F 00 00 06 00 80 00 80 00 80 00 80
I 000000 02 81 20 11 00 0D 00 90 00 A1 3F 00 00 06 00 80 00 80 00 80 00 80
I 000000 02 81 20 11 00 0D 00 90 00 A1 3F 00 00 06 00 80 00 80 00 80 00 80
I 000000 02 81 20 11 00 0D 00 90 00 A1 3F 00 00 0F 00 80 00 80 00 80 00 80
I 000000 02 81 20 11 00 0D 00 90 00 A1 3F 00 00 0F 00 80 00 80 00 80 00 80
I 000000 02 81 20 11 00 0D 00 90 00 A1 3F 00 00 0F 00 80 00 80 00 80 00 80
I 000000 02 81 20 11 00 0D 00 90 00 A1 3F 00 00 02 00 80 00 80 00 80 00 80
I 000000 02 81 20 11 00 0D 00 90 00 A1 3F 00 00 02 00 80 00 80 00 80 00 80
I 000000 02 81 20 11 00 0D 00 90 00 A1 3F 00 00 02 00 80 00 80 00 80 00 80
I 000000 02 81 20 11 00 0D 00 90 00 A1 3F 00 00 02 00 80 00 80 00 80 00 80
I 000000 02 81 20 11 00 0D 00 90 00 A1 3F 00 00 02 00 80 00 80 00 80 00 80
I 000000 02 81 20 11 00 0D 00 90 00 A1 3F 00 00 02 00 80 00 80 00 80 00 80
I 000000 02 81 20 11 00 0D 00 90 00 A1 3F 00 00 01 00 80 00 80 00 80 00 80
I 000000 02 81 20 11 00 0D 00 90 00 A1 3F 00 00 01 00 80 00 80 00 80 00 80
I 000000 02 81 20 11 00 0D 00 90 00 A1 3F 00 00 00 00 80 00 80 00 80 00 80
I 000000 02 81 20 11 00 0D 00 90 00 A1 3F 00 00 00 00 80 00 80 00 80 00 80
I 000000 02 81 20 11 00 0D 00 90 00 A1 3F 00 00 00 00 80 00 80 00 80 00 80
I 000000 02 81 20 11 00 0D 00 90 00 A1 3F 00 00 00 00 80 00 80 00 80 00 80
I 000000 02 81 20 11 00 0D 00 90 00 A1 3F 00 00 00 00 80 00 80 00 80 00 80
I 000000 02 81 20 11 00 0D 00 90 00 A1 3F 00 00 07 00 80 00 80 00 80 00 80
I 000000 02 81 20 11 00 0D 00 90 00 A1 3F 00 00 07 00 80 00 80 00 80 00 80
I 000000 02 81 20 11 00 0D 00 90 00 A1 3F 00 00 07 00 80 00 80 00 80 00 80
I 000000 02 81 20 11 00 0D 00 90 00 A1 3F 00 00 06 00 80 00 80 00 80 00 80
I 000000 02 81 20 11 00 0D 00 90 00 A1 3F 00 00 06 00 80 00 80 00 80 00 80
I 000000 02 81 20 11 00 0D 00 90 00 A1 3F 00 00 06 00 80 00 80 00 80 00 80
I 000000 02 81 20 11 00 0D 00 90 00 A1 3F 00 00 06 00 80 00 80 00 80 00 80
I 000000 02 81 20 11 00 0D 00 90 00 A1 3F 00 00 06 00 80 00 80 00 80 00 80
I 000000 02 81 20 11 00 0D 00 90 00 A1 3F 00 00 06 00 80 00 80 00 80 00 80
I 000000 02 81 20 11 00 0D 00 90 00 A1 3F 00 00 05 00 80 00 80 00 80 00 80
I 000000 02 81 20 11 00 0D 00 90 00 A1 3F 00 00 05 00 80 00 80 00 80 00 80
I 000000 02 81 20 11 00 0D 00 90 00 A1 3F 00 00 05 00 80 00 80 00 80 00 80
I 000000 02 81 20 11 00 0D 00 90 00 A1 3F 00 00 04 00 80 00 80 00 80 00 80
I 000000 02 81 20 11 00 0D 00 90 00 A1 3F 00 00 03 00 80 00 80 00 80 00 80
I 000000 02 81 20 11 00 0D 00 90 00 A1 3F 00 00 03 00 80 00 80 00 80 00 80
I 000000 02 81 20 11 00 0D 00 90 00 A1 3F 00 00 03 00 80 00 80 00 80 00 80
I 000000 02 81 20 11 00 0D 00 90 00 A1 3F 00 00 03 00 80 00 80 00 80 00 80
I 000000 02 81 20 11 00 0D 00 90 00 A1 3F 00 00 03 00 80 00 80 00 80 00 80
I 000000 02 81 20 11 00 0D 00 90 00 A1 3F 00 00 03 00 80 00 80 00 80 00 80
I 000000 02 81 20 11 00 0D 00 90 00 A1 3F 00 00 02 00 80 00 80 00 80 00 80
I 000000 02 81 20 11 00 0D 00 90 00 A1 3F 00 00 02 00 80 00 80 00 80 00 80
I 000000 02 81 20 11 00 0D 00 90 00 A1 3F 00 00 02 00 80 00 80 00 80 00 80
I 000000 02 81 20 11 00 0D 00 90 00 A1 3F 00 00 02 00 80 00 80 00 80 00 80
I 000000 02 81 20 11 00 0D 00 90 00 A1 3F 00 00 02 00 80 00 80 00 80 00 80
I 000000 02 81 20 11 00 0D 00 90 00 A1 3F 00 00 02 00 80 00 80 00 80 00 80
I 000000 02 81 20 11 00 0D 00 90 00 A1 3F 00 00 01 00 80 00 80 00 80 00 80
I 000000 02 81 20 11 00 0D 00 90 00 A1 3F 00 00 01 00 80 00 80 00 80 00 80
I 000000 02 81 20 11 00 0D 00 90 00 A1 3F 00 00 00 00 80 00 80 00 80 00 80
I 000000 02 81 20 11 00 0D 00 90 00 A1 3F 00 00 00 00 80 00 80 00 80 00 80
I 000000 02 81 20 11 00 0D 00 90 00 A1 3F 00 00 00 00 80 00 80 00 80 00 80
I 000000 02 81 20 11 00 0D 00 90 00 A1 3F 00 00 00 00 80 00 80 00 80 00 80
I 000000 02 81 20 11 00 0D 00 90 00 A1 3F 00 00 07 00 80 00 80 00 80 00 80
I 000000 02 81 20 11 00 0D 00 90 00 A1 3F 00 00 07 00 80 00 80 00 80 00 80
I 000000 02 81 20 11 00 0D 00 90 00 A1 3F 00 00 07 00 80 00 80 00 80 00 80
I 000000 02 81 20 11 00 0D 00 90 00 A1 3F 00 00 07 00 80 00 80 00 80 00 80
I 000000 02 81 20 11 00 0D 00 90 00 A1 3F 00 00 07 00 80 00 80 00 80 00 80
I 000000 02 81 20 11 00 0D 00 90 00 A1 3F 00 00 06 00 80 00 80 00 80 00 80
I 000000 02 81 20 11 00 0D 00 90 00 A1 3F 00 00 06 00 80 00 80 00 80 00 80
I 000000 02 81 20 11 00 0D 00 90 00 A1 3F 00 00 06 00 80 00 80 00 80 00 80
I 000000 02 81 20 11 00 0D 00 90 00 A1 3F 00 00 06 00 80 00 80 00 80 00 80
I 000000 02 81 20 11 00 0D 00 90 00 A1 3F 00 00 05 00 80 00 80 00 80 00 80
I 000000 02 81 20 11 00 0D 00 90 00 A1 3F 00 00 03 00 80 00 80 00 80 00 80
I 000000 02 81 20 11 00 0D 00 90 00 A1 3F 00 00 03 00 80 00 80 00 80 00 80
I 000000 02 81 20 11 00 0D 00 90 00 A1 3F 00 00 03 00 80 00 80 00 80 00 80
I 000000 02 81 20 11 00 0D 00 90 00 A1 3F 00 00 03 00 80 00 80 00 80 00 80
I 000000 02 81 20 11 00 0D 00 90 00 A1 3F 00 00 02 00 80 00 80 00 80 00 80
I 000000 02 81 20 11 00 0D 00 90 00 A1 3F 00 00 02 00 80 00 80 00 80 00 80
I 000000 02 81 20 11 00 0D 00 90 00 A1 3F 00 00 02 00 80 00 80 00 80 00 80
I 000000 02 81 20 11 00 0D 00 90 00 A1 3F 00 00 02 00 80 00 80 00 80 00 80
I 000000 02 81 20 11 00 0D 00 90 00 A1 3F 00 00 0F 00 80 00 80 00 80 00 80
I 000000 02 81 20 11 00 0D 00 90 00 A1 3F 00 00 0F 00 80 00 80 00 80 00 80
I 000000 02 81 20 11 00 0D 00 90 00 A1 3F 00 00 0F 00 80 00 80 00 80 00 80
I 000000 02 81 20 11 00 0D 00 90 00 A1 3F 00 00 0F 00 80 00 80 00 80 00 80
I 000000 02 81 20 11 00 0D 00 90 00 A1 3F 00 00 0F 00 80 00 80 00 80 00 80
I 000000 02 81 20 11 00 0D 00 90 00 A1 3F 00 00 0F 00 80 00 80 00 80 00 80
I 000000 02 81 20 11 00 0D 00 90 00 A1 3F 02 00 0F 00 80 00 80 00 80 00 80
I 000000 02 81 20 11 00 0D 00 90 00 A1 3F 02 00 0F 00 80 00 80 00 80 00 80
I 000000 02 81 20 11 00 0D 00 90 00 A1 3F 02 00 0F 00 80 00 80 00 80 00 80
I 000000 02 81 20 11 00 0D 00 90 00 A1 3F 02 00 0F 00 80 00 80 00 80 00 80
I 000000 02 81 20 11 00 0D 00 90 00 A1 3F 02 00 0F 00 80 00 80 00 80 00 80
I 000000 02 81 20 11 00 0D 00 90 00 A1 3F 02 00 0F 00 80 00 80 00 80 00 80
I 000000 02 81 20 11 00 0D 00 90 00 A1 3F 00 00 0F 00 80 00 80 00 80 00 80
I 000000 02 81 20 11 00 0D 00 90 00 A1 3F 00 00 0F 00 80 00 80 00 80 00 80
I 000000 02 81 20 11 00 0D 00 90 00 A1 3F 00 00 0F 00 80 00 80 00 80 00 80
I 000000 02 81 20 11 00 0D 00 90 00 A1 3F 00 00 0F 00 80 00 80 00 80 00 80
I 000000 02 81 20 11 00 0D 00 90 00 A1 3F 00 00 0F 00 80 00 80 00 80 00 80
I 000000 02 81 20 11 00 0D 00 90 00 A1 3F 00 00 0F 00 80 00 80 00 80 00 80
I 000000 02 81 20 11 00 0D 00 90 00 A1 3F 01 00 0F 00 80 00 80 00 80 00 80
I 000000 02 81 20 11 00 0D 00 90 00 A1 3F 01 00 0F 00 80 00 80 00 80 00 80
I 000000 02 81 20 11 00 0D 00 90 00 A1 3F 01 00 0F 00 80 00 80 00 80 00 80
I 000000 02 81 20 11 00 0D 00 90 00 A1 3F 01 00 0F 00 80 00 80 00 80 00 80
I 000000 02 81 20 11 00 0D 00 90 00 A1 3F 01 00 0F 00 80 00 80 00 80 00 80
I 000000 02 81 20 11 00 0D 00 90 00 A1 3F 01 00 0F 00 80 00 80 00 80 00 80
I 000000 02 81 20 11 00 0D 00 90 00 A1 3F 03 00 0F 00 80 00 80 00 80 00 80
I 000000 02 81 20 11 00 0D 00 90 00 A1 3F 03 00 0F 00 80 00 80 00 80 00 80
I 000000 02 81 20 11 00 0D 00 90 00 A1 3F 03 00 0F 00 80 00 80 00 80 00 80
I 000000 02 81 20 11 00 0D 00 90 00 A1 3F 03 00 0F 00 80 00 80 00 80 00 80
I 000000 02 81 20 11 00 0D 00 90 00 A1 3F 03 00 0F 00 80 00 80 00 80 00 80
I 000000 02 81 20 11 00 0D 00 90 00 A1 3F 00 00 0F 00 80 00 80 00 80 00 80
I 000000 02 81 20 11 00 0D 00 90 00 A1 3F 00 00 0F 00 80 00 80 00 80 00 80
I 000000 02 81 20 11 00 0D 00 90 00 A1 3F 00 00 0F 00 80 00 80 00 80 00 80
I 000000 02 81 20 11 00 0D 00 90 00 A1 3F 00 00 0F 00 80 00 80 00 80 00 80
I 000000 02 81 20 11 00 0D 00 90 00 A1 3F 00 00 0F 00 80 00 80 00 80 00 80
I 000000 02 81 20 11 00 0D 00 90 00 A1 3F 00 00 0F 00 80 00 80 00 80 00 80
I 000000 02 81 20 11 00 0D 00 90 00 A1 3F 02 00 0F 00 80 00 80 00 80 00 80
I 000000 02 81 20 11 00 0D 00 90 00 A1 3F 06 00 0F 00 80 00 80 00 80 00 80
I 000000 02 81 20 11 00 0D 00 90 00 A1 3F 06 00 0F 00 80 00 80 00 80 00 80
I 000000 02 81 20 11 00 0D 00 90 00 A1 3F 06 00 0F 00 80 00 80 00 80 00 80
I 000000 02 81 20 11 00 0D 00 90 00 A1 3F 06 00 0F 00 80 00 80 00 80 00 80
I 000000 02 81 20 11 00 0D 00 90 00 A1 3F 06 00 0F 00 80 00 80 00 80 00 80
I 000000 02 81 20 11 00 0D 00 90 00 A1 3F 06 00 0F 00 80 00 80 00 80 00 80
I 000000 02 81 20 11 00 0D 00 90 00 A1 3F 04 00 0F 00 80 00 80 00 80 00 80
I 000000 02 81 20 11 00 0D 00 90 00 A1 3F 04 00 0F 00 80 00 80 00 80 00 80
I 000000 02 81 20 11 00 0D 00 90 00 A1 3F 04 00 0F 00 80 00 80 00 80 00 80
I 000000 02 81 20 11 00 0D 00 90 00 A1 3F 04 00 0F 00 80 00 80 00 80 00 80
I 000000 02 81 20 11 00 0D 00 90 00 A1 3F 00 00 0F 00 80 00 80 00 80 00 80
I 000000 02 81 20 11 00 0D 00 90 00 A1 3F 00 00 0F 00 80 00 80 00 80 00 80
I 000000 02 81 20 11 00 0D 00 90 00 A1 3F 00 00 0F 00 80 00 80 00 80 00 80
I 000000 02 81 20 11 00 0D 00 90 00 A1 3F 00 00 0F 00 80 00 80 00 80 00 80
I 000000 02 81 20 11 00 0D 00 90 00 A1 3F 00 00 0F 00 80 00 80 00 80 00 80
I 000000 02 81 20 11 00 0D 00 90 00 A1 3F 00 00 0F 00 80 00 80 00 80 00 80
# bt_host_disconnect_all BOOT SW pressed, DISCONN all devices!
# bt_hci_cmd_disconnect
O 000000 01 06 04 03 81 00 15
I 000000 04 0F 04 00 05 06 04
# BT_HCI_EVT_CMD_STATUS
I 000000 04 05 04 00 81 00 16
# BT_HCI_EVT_DISCONN_COMPLETE
# DISCONN from dev: 0
# bt_hci_cmd_le_set_scan_enable
# bt_hci_cmd_le_set_scan_param_active
# bt_hci_cmd_le_set_scan_enable
# bt_hci_cmd_periodic_inquiry
# bt_hci_cmd_le_set_adv_enable
O 000000 01 0C 20 02 00 01
I 000000 04 0E 04 05 0C 20 00
# BT_HCI_EVT_CMD_COMPLETE
O 000000 01 0B 20 07 01 24 00 12 00 00 00
I 000000 04 0E 04 05 0B 20 00
# BT_HCI_EVT_CMD_COMPLETE
O 000000 01 0C 20 02 01 01
I 000000 04 0E 04 05 0C 20 00
# BT_HCI_EVT_CMD_COMPLETE
O 000000 01 03 04 09 0A 00 08 00 33 8B 9E 03 FF
I 000000 04 0E 04 05 03 04 00
# BT_HCI_EVT_CMD_COMPLETE
O 000000 01 0A 20 01 01
I 000000 04 0E 04 05 0A 20 00
# BT_HCI_EVT_CMD_COMPLETE
I 000000 04 3E 28 02 01 02 01 AD F4 4D 9C E6 70 1C 03 03 9F FE 17 16 9F FE 00 00 00 00 00 00 00 00 00 00 00 00 00 00 00 00 00 00 00 00 BA
# BT_HCI_EVT_LE_ADVERTISING_REPORT
I 000000 04 3E 16 02 01 04 01 AD F4 4D 9C E6 70 0A 09 FF E0 00 56 A8 CA 87 56 E9 BB
# BT_HCI_EVT_LE_ADVERTISING_REPORT
I 000000 04 3E 1B 02 01 00 00 DB A6 EA CD 69 C8 0F 02 01 1A 0B FF 4C 00 09 06 03 26 00 00 00 00 9D
# BT_HCI_EVT_LE_ADVERTISING_REPORT
I 000000 04 3E 28 02 01 02 01 3E 3A 97 AF EC 6A 1C 03 03 9F FE 17 16 9F FE 00 00 00 00 00 00 00 00 00 00 00 00 00 00 00 00 00 00 00 00 AC
# BT_HCI_EVT_LE_ADVERTISING_REPORT
I 000000 04 3E 16 02 01 04 01 3E 3A 97 AF EC 6A 0A 09 FF E0 00 56 17 CA 55 5C 71 AD
# BT_HCI_EVT_LE_ADVERTISING_REPORT
I 000000 04 3E 1D 02 01 00 00 36 12 57 EC B3 F0 11 02 01 1A 02 0A 04 0A FF 4C 00 10 05 01 10 F2 88 78 D0
# BT_HCI_EVT_LE_ADVERTISING_REPORT
I 000000 04 3E 0C 02 01 04 00 36 12 57 EC B3 F0 00 D0
# BT_HCI_EVT_LE_ADVERTISING_REPORT
I 000000 04 3E 2B 02 01 03 01 7C 7A 38 07 CC 5C 1F 1E FF 06 00 01 09 20 02 2A 5F DC E0 55 0F 04 D7 7F 37 42 44 ED 10 D1 9F 48 7A CF 6E 53 CF 30 B8
# BT_HCI_EVT_LE_ADVERTISING_REPORT
I 000000 04 3E 2B 02 01 03 01 4D 05 E4 E5 16 0F 1F 1E FF 06 00 01 0F 20 02 A2 E4 74 0E CB 6B 34 75 27 03 BF 5E 34 B0 C8 B6 1F 42 0D D8 07 FD 7E C7
# BT_HCI_EVT_LE_ADVERTISING_REPORT
I 000000 04 3E 1D 02 01 00 01 7C 90 38 2C F0 5C 11 02 01 1A 02 0A 0C 0A FF 4C 00 10 05 41 1C 7C 69 47 A5
# BT_HCI_EVT_LE_ADVERTISING_REPORT
I 000000 04 3E 0C 02 01 04 01 7C 90 38 2C F0 5C 00 A6
# BT_HCI_EVT_LE_ADVERTISING_REPORT
I 000000 04 3E 1B 02 01 03 01 87 4D B4 2E D2 28 0F 02 01 1A 0B FF 4C 00 09 06 03 C7 C0 A8 56 D5 CD
# BT_HCI_EVT_LE_ADVERTISING_REPORT
I 000000 04 3E 1F 02 01 00 01 D1 21 05 4F 71 4E 13 02 01 1A 02 0A 08 0C FF 4C 00 10 07 33 1B 4B 8D E1 EA 28 A0
# BT_HCI_EVT_LE_ADVERTISING_REPORT
I 000000 04 3E 1D 02 01 00 00 20 A3 69 CD 69 C8 11 02 01 1A 02 0A 0C 0A FF 4C 00 10 05 09 14 23 39 7C A4
# BT_HCI_EVT_LE_ADVERTISING_REPORT
I 000000 04 3E 0C 02 01 04 00 20 A3 69 CD 69 C8 00 A1
# BT_HCI_EVT_LE_ADVERTISING_REPORT
# bt_hci_cmd_exit_periodic_inquiry
O 000000 01 04 04 00
I 000000 04 0E 04 05 04 04 00
# BT_HCI_EVT_CMD_COMPLETE
# bt_hci_cmd_le_set_scan_enable
O 000000 01 0C 20 02 00 01
I 000000 04 0E 04 05 0C 20 00
# BT_HCI_EVT_CMD_COMPLETE
# bt_hci_cmd_le_set_scan_param_passive
O 000000 01 0B 20 07 00 00 04 12 00 00 01
I 000000 04 0E 04 05 0B 20 00
# BT_HCI_EVT_CMD_COMPLETE
# bt_hci_cmd_le_set_scan_enable
O 000000 01 0C 20 02 01 01
I 000000 04 0E 04 05 0C 20 00
# BT_HCI_EVT_CMD_COMPLETE
