# bt_hci_cmd_reset
O 0.493249 000000 01 03 0C 00
I 0.495062 000000 04 0E 04 05 03 0C 00
# BT_HCI_EVT_CMD_COMPLETE
# bt_hci_cmd_read_local_features
O 0.495743 000000 01 03 10 00
I 0.496084 000000 04 0E 0C 05 03 10 00 BF EE CD FE DB FF 7B 87
# BT_HCI_EVT_CMD_COMPLETE
# bt_hci_cmd_read_local_version_info
O 0.496812 000000 01 01 10 00
I 0.497136 000000 04 0E 0C 05 01 10 00 08 0E 03 08 60 00 0E 03
# BT_HCI_EVT_CMD_COMPLETE
# bt_hci_cmd_read_bd_addr
O 0.498380 000000 01 09 10 00
I 0.498709 000000 04 0E 0A 05 09 10 00 2E C3 E0 BD 9E 7C
# BT_HCI_EVT_CMD_COMPLETE
# local_name: BlueRetro_N64_C32E
# local_bdaddr: 7C:9E:BD:E0:C3:2E
# bt_hci_cmd_read_buffer_size
O 0.500689 000000 01 05 10 00
I 0.501125 000000 04 0E 0B 05 05 10 00 FD 03 FF 09 00 04 00
# BT_HCI_EVT_CMD_COMPLETE
# bt_hci_cmd_read_class_of_device
O 0.502300 000000 01 23 0C 00
I 0.502637 000000 04 0E 07 05 23 0C 00 00 00 00
# BT_HCI_EVT_CMD_COMPLETE
# bt_hci_cmd_read_local_name
O 0.503738 000000 01 14 0C 00
I 0.504074 000000 04 0E FC 05 14 0C 00 00 00 00 00 00 00 00 00 00
000010 00 00 00 00 00 00 00 00 00 00 00 00 00 00 00 00
000020 00 00 00 00 00 00 00 00 00 00 00 00 00 00 00 00
000030 00 00 00 00 00 00 00 00 00 00 00 00 00 00 00 00
000040 00 00 00 00 00 00 00 00 00 00 00 00 00 00 00 00
000050 00 00 00 00 00 00 00 00 00 00 00 00 00 00 00 00
000060 00 00 00 00 00 00 00 00 00 00 00 00 00 00 00 00
000070 00 00 00 00 00 00 00 00 00 00 00 00 00 00 00 00
000080 00 00 00 00 00 00 00 00 00 00 00 00 00 00 00 00
000090 00 00 00 00 00 00 00 00 00 00 00 00 00 00 00 00
0000A0 00 00 00 00 00 00 00 00 00 00 00 00 00 00 00 00
0000B0 00 00 00 00 00 00 00 00 00 00 00 00 00 00 00 00
0000C0 00 00 00 00 00 00 00 00 00 00 00 00 00 00 00 00
0000D0 00 00 00 00 00 00 00 00 00 00 00 00 00 00 00 00
0000E0 00 00 00 00 00 00 00 00 00 00 00 00 00 00 00 00
0000F0 00 00 00 00 00 00 00 00 00 00 00 00 00 00 00
# BT_HCI_EVT_CMD_COMPLETE
# bt_hci_cmd_read_voice_setting
O 0.514309 000000 01 25 0C 00
I 0.514634 000000 04 0E 06 05 25 0C 00 00 00
# BT_HCI_EVT_CMD_COMPLETE
# bt_hci_cmd_read_num_supported_iac
O 0.515799 000000 01 38 0C 00
I 0.516133 000000 04 0E 05 05 38 0C 00 01
# BT_HCI_EVT_CMD_COMPLETE
# bt_hci_cmd_read_current_iac_lap
O 0.517230 000000 01 39 0C 00
I 0.517577 000000 04 0E 08 05 39 0C 00 01 33 8B 9E
# BT_HCI_EVT_CMD_COMPLETE
# bt_hci_cmd_set_event_filter
O 0.518724 000000 01 05 0C 01 00
I 0.519101 000000 04 0E 04 05 05 0C 00
# BT_HCI_EVT_CMD_COMPLETE
# bt_hci_cmd_write_conn_accept_timeout
O 0.520214 000000 01 16 0C 02 00 7D
I 0.520624 000000 04 0E 04 05 16 0C 00
# BT_HCI_EVT_CMD_COMPLETE
# bt_hci_cmd_read_supported_commands
O 0.521715 000000 01 02 10 00
I 0.522064 000000 04 0E 44 05 02 10 00 BF FF FF 03 CC FF EF FF 3F
000010 FF FC 1F F2 0F E8 FE 3F F7 8F FF 1C 00 04 00 61
000020 F7 FF FF 7F 38 C0 FF 7F FF FF 0F 00 00 00 00 00
000030 00 00 00 00 00 00 00 00 00 00 00 00 00 00 00 00
000040 00 00 00 00 00 00 00
# BT_HCI_EVT_CMD_COMPLETE
# bt_hci_cmd_write_ssp_mode
O 0.525421 000000 01 56 0C 01 01
I 0.525811 000000 04 0E 04 05 56 0C 00
# BT_HCI_EVT_CMD_COMPLETE
# bt_hci_cmd_write_inquiry_mode
O 0.526836 000000 01 45 0C 01 02
I 0.527208 000000 04 0E 04 05 45 0C 00
# BT_HCI_EVT_CMD_COMPLETE
# bt_hci_cmd_read_inquiry_rsp_tx_pwr_lvl
O 0.528343 000000 01 58 0C 00
I 0.528693 000000 04 0E 05 05 58 0C 00 F4
# BT_HCI_EVT_CMD_COMPLETE
# bt_hci_cmd_read_local_ext_features
O 0.529802 000000 01 04 10 01 01
I 0.530175 000000 04 0E 0E 05 04 10 00 01 02 01 00 00 00 00 00 00
000010 00
# BT_HCI_EVT_CMD_COMPLETE
# bt_hci_cmd_read_stored_link_key
O 0.531632 000000 01 0D 0C 07 00 00 00 00 00 00 01
I 0.532169 000000 04 0E 08 05 0D 0C 00 08 00 00 00
# BT_HCI_EVT_CMD_COMPLETE
# bt_hci_cmd_read_page_scan_activity
O 0.533421 000000 01 1B 0C 00
I 0.533744 000000 04 0E 08 05 1B 0C 00 00 08 12 00
# BT_HCI_EVT_CMD_COMPLETE
# bt_hci_cmd_read_page_scan_type
O 0.534934 000000 01 46 0C 00
I 0.535262 000000 04 0E 05 05 46 0C 00 00
# BT_HCI_EVT_CMD_COMPLETE
# bt_hci_cmd_write_le_host_supp
O 0.536344 000000 01 6D 0C 02 01 00
I 0.536720 000000 04 0E 04 05 6D 0C 00
# BT_HCI_EVT_CMD_COMPLETE
# bt_hci_cmd_le_read_wl_size
O 0.537758 000000 01 0F 20 00
I 0.538080 000000 04 0E 05 05 0F 20 00 0C
# BT_HCI_EVT_CMD_COMPLETE
# bt_hci_cmd_le_clear_wl
O 0.539087 000000 01 10 20 00
I 0.539451 000000 04 0E 04 05 10 20 00
# BT_HCI_EVT_CMD_COMPLETE
# bt_hci_cmd_le_add_dev_to_wl
O 0.540459 000000 01 11 20 07 00 20 A4 52 22 16 44
I 0.540991 000000 04 0E 04 05 11 20 00
# BT_HCI_EVT_CMD_COMPLETE
# bt_hci_cmd_le_add_dev_to_wl
O 0.542047 000000 01 11 20 07 00 B7 58 96 5F C6 EE
I 0.542570 000000 04 0E 04 05 11 20 00
# BT_HCI_EVT_CMD_COMPLETE
# bt_hci_cmd_delete_stored_link_key
O 0.543679 000000 01 12 0C 07 00 00 00 00 00 00 01
I 0.544213 000000 04 0E 06 05 12 0C 00 00 00
# BT_HCI_EVT_CMD_COMPLETE
# bt_hci_cmd_write_class_of_device
O 0.545381 000000 01 24 0C 03 0C 01 1C
I 0.545771 000000 04 0E 04 05 24 0C 00
# BT_HCI_EVT_CMD_COMPLETE
# bt_hci_cmd_write_local_name
O 0.546860 000000 01 13 0C F8 42 6C 75 65 52 65 74 72 6F 20 41 64
000010 61 70 74 65 72 00 00 00 00 00 00 00 00 00 00 00
000020 00 00 00 00 00 00 00 00 00 00 00 00 00 00 00 00
000030 00 00 00 00 00 00 00 00 00 00 00 00 00 00 00 00
000040 00 00 00 00 00 00 00 00 00 00 00 00 00 00 00 00
000050 00 00 00 00 00 00 00 00 00 00 00 00 00 00 00 00
000060 00 00 00 00 00 00 00 00 00 00 00 00 00 00 00 00
000070 00 00 00 00 00 00 00 00 00 00 00 00 00 00 00 00
000080 00 00 00 00 00 00 00 00 00 00 00 00 00 00 00 00
000090 00 00 00 00 00 00 00 00 00 00 00 00 00 00 00 00
0000A0 00 00 00 00 00 00 00 00 00 00 00 00 00 00 00 00
0000B0 00 00 00 00 00 00 00 00 00 00 00 00 00 00 00 00
0000C0 00 00 00 00 00 00 00 00 00 00 00 00 00 00 00 00
0000D0 00 00 00 00 00 00 00 00 00 00 00 00 00 00 00 00
0000E0 00 00 00 00 00 00 00 00 00 00 00 00 00 00 00 00
0000F0 00 00 00 00 00 00 00 00 00 00 00 00
I 0.556335 000000 04 0E 04 05 13 0C 00
# BT_HCI_EVT_CMD_COMPLETE
# bt_hci_cmd_set_event_filter
O 0.557396 000000 01 05 0C 08 01 01 00 05 00 00 1F 00
I 0.557950 000000 04 0E 04 05 05 0C 00
# BT_HCI_EVT_CMD_COMPLETE
# bt_hci_cmd_set_event_filter
O 0.559016 000000 01 05 0C 09 02 01 00 05 00 00 1F 00 01
I 0.559599 000000 04 0E 04 05 05 0C 00
# BT_HCI_EVT_CMD_COMPLETE
# bt_hci_cmd_write_auth_enable
O 0.560671 000000 01 20 0C 01 00
I 0.561027 000000 04 0E 04 05 20 0C 00
# BT_HCI_EVT_CMD_COMPLETE
# bt_hci_cmd_set_event_mask
O 0.562038 000000 01 01 0C 08 FF FF FB FF 07 F8 BF 3D
I 0.562585 000000 04 0E 04 05 01 0C 00
# BT_HCI_EVT_CMD_COMPLETE
# bt_hci_cmd_write_page_scan_activity
O 0.563740 000000 01 1C 0C 04 50 00 12 00
I 0.564165 000000 04 0E 04 05 1C 0C 00
# BT_HCI_EVT_CMD_COMPLETE
# bt_hci_cmd_write_inquiry_scan_activity
O 0.565353 000000 01 1E 0C 04 50 00 12 00
I 0.565766 000000 04 0E 04 05 1E 0C 00
# BT_HCI_EVT_CMD_COMPLETE
# bt_hci_cmd_write_page_scan_type
O 0.566878 000000 01 47 0C 01 01
I 0.567254 000000 04 0E 04 05 47 0C 00
# BT_HCI_EVT_CMD_COMPLETE
# bt_hci_cmd_write_page_scan_timeout
O 0.568346 000000 01 18 0C 02 00 20
I 0.568732 000000 04 0E 04 05 18 0C 00
# BT_HCI_EVT_CMD_COMPLETE
# bt_hci_cmd_write_hold_mode_act
O 0.569807 000000 01 2C 0C 01 00
I 0.570169 000000 04 0E 04 05 2C 0C 01
# BT_HCI_EVT_CMD_COMPLETE
# bt_hci_cmd_write_scan_enable
O 0.571203 000000 01 1A 0C 01 02
I 0.571635 000000 04 0E 04 05 1A 0C 00
# BT_HCI_EVT_CMD_COMPLETE
# bt_hci_cmd_write_default_link_policy
O 0.572695 000000 01 0F 08 02 0F 00
I 0.573094 000000 04 0E 04 05 0F 08 00
# BT_HCI_EVT_CMD_COMPLETE
# bt_hci_cmd_le_read_buffer_size
O 0.574140 000000 01 02 20 00
I 0.574472 000000 04 0E 07 05 02 20 00 FB 00 0A
# BT_HCI_EVT_CMD_COMPLETE
# bt_att_set_le_max_mtu 247
# bt_hci_cmd_le_set_adv_param
O 0.575908 000000 01 06 20 0F A0 00 A0 00 00 00 00 00 00 00 00 00
000010 00 07 00
I 0.576846 000000 04 0E 04 05 06 20 00
# BT_HCI_EVT_CMD_COMPLETE
# bt_hci_cmd_le_set_adv_data
O 0.577820 000000 01 08 20 20 1B 02 01 06 03 02 0F 18 13 09 42 6C
000010 75 65 52 65 74 72 6F 5F 4E 36 34 5F 43 33 32 45
000020 00 00 00 00
I 0.579290 000000 04 0E 04 05 08 20 00
# BT_HCI_EVT_CMD_COMPLETE
# bt_hci_cmd_le_set_scan_rsp_data
O 0.580401 000000 01 09 20 20 12 11 07 56 9A 79 76 A1 2F 4B 31 B0
000010 FA 80 51 56 0F 83 00 00 00 00 00 00 00 00 00 00
000020 00 00 00 00
I 0.581870 000000 04 0E 04 05 09 20 00
# BT_HCI_EVT_CMD_COMPLETE
# bt_hci_cmd_le_set_adv_enable
O 0.582952 000000 01 0A 20 01 01
I 0.583563 000000 04 0E 04 05 0A 20 00
# BT_HCI_EVT_CMD_COMPLETE
# bt_hci_cmd_le_set_scan_enable
# bt_hci_cmd_le_set_scan_param_active
# bt_hci_cmd_le_set_scan_enable
# bt_hci_cmd_periodic_inquiry
O 0.585464 000000 01 0C 20 02 00 01
I 0.585872 000000 04 0E 04 05 0C 20 0C
# BT_HCI_EVT_CMD_COMPLETE
# opcode: 0x200C error: 0x0C retry: 0
# bt_hci_cmd_le_set_scan_enable
# bt_hci_cmd_le_set_scan_param_active
# bt_hci_cmd_le_set_scan_enable
# bt_hci_cmd_periodic_inquiry
O 0.588398 000000 01 0B 20 07 01 24 00 12 00 00 00
I 0.588952 000000 04 0E 04 05 0B 20 00
# BT_HCI_EVT_CMD_COMPLETE
O 0.589680 000000 01 0C 20 02 01 01
I 0.590554 000000 04 0E 04 05 0C 20 00
# BT_HCI_EVT_CMD_COMPLETE
O 0.591056 000000 01 03 04 09 0A 00 08 00 33 8B 9E 03 FF
I 0.591576 000000 04 0E 04 05 03 04 00
# BT_HCI_EVT_CMD_COMPLETE
O 0.592081 000000 01 0C 20 02 00 01
I 0.592514 000000 04 0E 04 05 0C 20 00
# BT_HCI_EVT_CMD_COMPLETE
O 0.593213 000000 01 0B 20 07 01 24 00 12 00 00 00
I 0.593689 000000 04 0E 04 05 0B 20 00
# BT_HCI_EVT_CMD_COMPLETE
O 0.594433 000000 01 0C 20 02 01 01
O 0.594843 000000 01 03 04 09 0A 00 08 00 33 8B 9E 03 FF
I 0.595377 000000 04 0E 04 04 03 04 0C
# BT_HCI_EVT_CMD_COMPLETE
# opcode: 0x0403 error: 0x0C retry: 0
I 0.597029 000000 04 0E 04 05 0C 20 00
# BT_HCI_EVT_CMD_COMPLETE
I 0.622254 000000 04 3E 27 02 01 00 00 B7 58 96 5F C6 EE 1B 02 01
000010 05 03 19 C4 03 10 09 53 74 61 64 69 61 54 44 51
000020 51 2D 35 38 62 37 02 0A F8 D1
# BT_HCI_EVT_LE_ADVERTISING_REPORT
# bt_hci_cmd_le_set_scan_enable
# bt_hci_cmd_le_set_adv_disable
# bt_hci_cmd_le_create_conn
# LE ADV dev: 0 type: 0 bdaddr: 00 - EE:C6:5F:96:58:B7
I 0.625588 000000 04 3E 14 02 01 04 00 B7 58 96 5F C6 EE 08 03 19
000010 C4 03 03 02 12 18 D1
# BT_HCI_EVT_LE_ADVERTISING_REPORT
O 0.626862 000000 01 0C 20 02 00 01
I 0.627437 000000 04 0E 04 05 0C 20 00
# BT_HCI_EVT_CMD_COMPLETE
O 0.628068 000000 01 0A 20 01 00
I 0.628576 000000 04 0E 04 05 0A 20 00
# BT_HCI_EVT_CMD_COMPLETE
O 0.629128 000000 01 0D 20 19 12 00 12 00 00 00 B7 58 96 5F C6 EE
000010 00 06 00 0C 00 00 00 2C 01 00 00 00 00
I 0.630811 000000 04 0F 04 00 05 0D 20
# BT_HCI_EVT_CMD_STATUS
I 0.642123 000000 04 3E 13 01 00 00 00 00 00 B7 58 96 5F C6 EE 0C
000010 00 00 00 2C 01 00
# BT_HCI_EVT_LE_CONN_COMPLETE
# dev: 0 acl_handle: 0x0000
# bt_smp_pairing_req
# bt_hci_cmd_le_set_scan_enable
# bt_hci_cmd_le_set_scan_param_active
# bt_hci_cmd_le_set_scan_enable
O 0.644728 000000 02 00 00 0B 00 07 00 06 00 01 03 00 01 10 02 01
O 0.645416 000000 01 0C 20 02 00 01
I 0.645778 000000 04 0E 04 05 0C 20 0C
# BT_HCI_EVT_CMD_COMPLETE
# opcode: 0x200C error: 0x0C retry: 0
O 0.646798 000000 01 0B 20 07 01 24 00 12 00 00 00
I 0.647308 000000 04 0E 04 05 0B 20 00
# BT_HCI_EVT_CMD_COMPLETE
O 0.648059 000000 01 0C 20 02 01 01
I 0.648605 000000 04 0E 04 05 0C 20 00
# BT_HCI_EVT_CMD_COMPLETE
I 0.661100 000000 04 13 05 01 00 00 01 00
I 0.667062 000000 04 3E 1D 02 01 00 01 0B 8B 51 AD BE 49 11 02 01
000010 1A 02 0A 0C 0A FF 4C 00 10 05 41 1C 3B E4 E4 A6
# BT_HCI_EVT_LE_ADVERTISING_REPORT
I 0.668128 000000 04 3E 0C 02 01 04 01 0B 8B 51 AD BE 49 00 A7
# BT_HCI_EVT_LE_ADVERTISING_REPORT
I 0.691134 000000 02 00 20 10 00 0C 00 05 00 12 02 08 00 06 00 08
000010 00 00 00 90 01
# BT_L2CAP_CONN_PARAM_REQ
# bt_hci_cmd_le_conn_update
I 0.692155 000000 02 00 20 0B 00 07 00 06 00 02 03 00 09 10 02 01
# BT_SMP_CMD_PAIRING_RSP
# bt_hci_cmd_le_rand
# bt_hci_cmd_le_rand
O 0.693395 000000 02 00 20 0A 00 06 00 05 00 13 02 02 00 00 00
O 0.694161 000000 01 13 20 0E 00 00 06 00 08 00 00 00 90 01 00 00
000010 00 00
I 0.695031 000000 04 0F 04 00 05 13 20
# BT_HCI_EVT_CMD_STATUS
O 0.695744 000000 01 18 20 00
I 0.696091 000000 04 0E 0C 05 18 20 00 2F EA E3 95 F0 EC 44 6E
# BT_HCI_EVT_CMD_COMPLETE
O 0.696951 000000 01 18 20 00
I 0.697282 000000 04 0E 0C 05 18 20 00 BC DD 13 C1 EE FC A2 54
# BT_HCI_EVT_CMD_COMPLETE
# bt_hci_cmd_le_encrypt
O 0.698489 000000 01 17 20 20 00 00 00 00 00 00 00 00 00 00 00 00
000010 00 00 00 00 2F EA E2 96 F0 ED 54 6C BD DF 10 C1
000020 E7 EC A0 55
I 0.699971 000000 04 0E 14 05 17 20 00 61 A7 31 2A 4B 9C C0 07 53
000010 55 AD 67 86 2C 5C 4D
# BT_HCI_EVT_CMD_COMPLETE
# bt_hci_cmd_le_encrypt
O 0.701559 000000 01 17 20 20 00 00 00 00 00 00 00 00 00 00 00 00
000010 00 00 00 00 D6 FF A7 75 8D 72 EE C4 B3 E8 33 1B
000020 86 2C 5C 4D
I 0.703050 000000 04 0E 14 05 17 20 00 68 BB 51 29 54 2D 9E 76 57
000010 3D 38 2C AF 81 3F F5
# BT_HCI_EVT_CMD_COMPLETE
# bt_smp_pairing_confirm
O 0.704655 000000 02 00 00 15 00 11 00 06 00 03 68 BB 51 29 54 2D
000010 9E 76 57 3D 38 2C AF 81 3F F5
I 0.706248 000000 04 13 05 01 00 00 01 00
I 0.721086 000000 04 13 05 01 00 00 01 00
# mc_restore: restore sucessful!
I (1004) gpio: GPIO[0]| InputEn: 1| OutputEn: 0| OpenDrain: 0| Pullup: 1| Pulldown: 0| Intr:0
# internal_flag_init: External adapter
I (1004) gpio: GPIO[2]| InputEn: 0| OutputEn: 1| OpenDrain: 0| Pullup: 0| Pulldown: 0| Intr:0
I (1004) gpio: GPIO[4]| InputEn: 0| OutputEn: 1| OpenDrain: 0| Pullup: 0| Pulldown: 0| Intr:0
I (1014) gpio: GPIO[12]| InputEn: 0| OutputEn: 1| OpenDrain: 0| Pullup: 0| Pulldown: 0| Intr:0
I (1014) gpio: GPIO[15]| InputEn: 0| OutputEn: 1| OpenDrain: 0| Pullup: 0| Pulldown: 0| Intr:0
I 0.735607 000000 04 3E 0A 03 3B 00 00 0C 00 00 00 2C 01
I (1014) main_task: Returned from app_main()
I 0.765503 000000 02 00 20 15 00 11 00 06 00 03 1A 2F 9A 55 6F 22
000010 5F 41 88 E0 C0 6C D5 58 92 91
# BT_SMP_CMD_PAIRING_CONFIRM
# bt_smp_pairing_random
O 0.766450 000000 02 00 00 15 00 11 00 06 00 04 2F EA E3 95 F0 EC
000010 44 6E BC DD 13 C1 EE FC A2 54
I 0.776287 000000 04 3E 28 02 01 02 01 F7 AF 5F 24 6D 7F 1C 03 03
000010 9F FE 17 16 9F FE 00 00 00 00 00 00 00 00 00 00
000020 00 00 00 00 00 00 00 00 00 00 BA
# BT_HCI_EVT_LE_ADVERTISING_REPORT
I 0.777720 000000 04 3E 16 02 01 04 01 F7 AF 5F 24 6D 7F 0A 09 FF
000010 E0 00 56 CB CA 82 5B 44 BA
# BT_HCI_EVT_LE_ADVERTISING_REPORT
I 0.780574 000000 04 13 05 01 00 00 01 00
I 0.810488 000000 02 00 20 15 00 11 00 06 00 04 90 EA 33 0F B4 C0
000010 16 36 70 CA 31 6D 6B E0 D9 B7
# BT_SMP_CMD_PAIRING_RANDOM
# bt_hci_cmd_le_encrypt
O 0.811290 000000 01 17 20 20 00 00 00 00 00 00 00 00 00 00 00 00
000010 00 00 00 00 2F EA E3 95 F0 EC 44 6E 90 EA 33 0F
000020 B4 C0 16 36
I 0.812851 000000 04 0E 14 05 17 20 00 62 CE 41 7F C9 9F 55 AA 6E
000010 1D 7E 50 A5 0F 8B A8
# BT_HCI_EVT_CMD_COMPLETE
# bt_hci_cmd_le_start_encryption
O 0.814499 000000 01 19 20 1C 00 00 00 00 00 00 00 00 00 00 00 00
000010 62 CE 41 7F C9 9F 55 AA 6E 1D 7E 50 A5 0F 8B A8
I 0.815741 000000 04 0F 04 00 05 19 20
# BT_HCI_EVT_CMD_STATUS
I 0.869364 000000 04 3E 19 02 01 00 01 74 9D AA CC 8F 5B 0D 02 01
000010 02 03 03 50 FE 05 16 50 FE 06 AE BF
# BT_HCI_EVT_LE_ADVERTISING_REPORT
I 0.870489 000000 04 3E 0C 02 01 04 01 74 9D AA CC 8F 5B 00 BF
# BT_HCI_EVT_LE_ADVERTISING_REPORT
I 0.873681 000000 04 3E 27 02 01 00 00 B7 58 96 5F C6 EE 1B 02 01
000010 05 03 19 C4 03 10 09 53 74 61 64 69 61 54 44 51
000020 51 2D 35 38 62 37 02 0A F8 D2
# BT_HCI_EVT_LE_ADVERTISING_REPORT
I 0.875132 000000 04 3E 14 02 01 04 00 B7 58 96 5F C6 EE 08 03 19
000010 C4 03 03 02 12 18 D2
# BT_HCI_EVT_LE_ADVERTISING_REPORT
I 0.900422 000000 04 08 04 00 00 00 01
# BT_HCI_EVT_ENCRYPT_CHANGE
I 0.931177 000000 02 00 20 15 00 11 00 06 00 06 1E 5B D4 D2 12 FD
000010 B4 83 64 60 8D 81 FE BF 9E E2
# BT_SMP_CMD_ENCRYPT_INFO
I 1.007839 000000 04 3E 28 02 01 02 01 FE 8F AD 6B 54 6B 1C 03 03
000010 9F FE 17 16 9F FE 00 00 00 00 00 00 00 00 00 00
000020 00 00 00 00 00 00 00 00 00 00 B3
# BT_HCI_EVT_LE_ADVERTISING_REPORT
I 1.009626 000000 02 00 20 0F 00 0B 00 06 00 07 57 54 D1 D6 34 21
000010 0D DF 94 FB
# BT_SMP_CMD_MASTER_IDENT
# bt_smp_ident_info
# bt_smp_ident_addr_info
# bt_att_cmd_mtu_req
# bt_hci_cmd_le_add_dev_to_wl
O 1.018324 000000 02 00 00 15 00 11 00 06 00 08 37 E1 FC D6 DE 80
000010 0B 06 A8 11 2D 6E 30 0F 44 39
O 1.019425 000000 02 00 00 0C 00 08 00 06 00 09 00 2E C3 E0 BD 9E
000010 7C
O 1.020052 000000 02 00 20 07 00 03 00 04 00 02 F7 00
O 1.020644 000000 01 11 20 07 00 B7 58 96 5F C6 EE
I 1.021190 000000 04 0E 04 05 11 20 12
# BT_HCI_EVT_CMD_COMPLETE
# opcode: 0x2011 error: 0x12 retry: 0
I 1.036202 000000 04 13 05 01 00 00 02 00
I 1.036744 000000 04 13 05 01 00 00 01 00
I 1.055099 000000 04 3E 1B 02 01 03 01 31 4A 8A AC FF 14 0F 02 01
000010 1A 0B FF 4C 00 09 06 03 04 C0 A8 01 08 AA
# BT_HCI_EVT_LE_ADVERTISING_REPORT
I 1.095457 000000 02 00 20 07 00 03 00 04 00 03 F7 00
# BT_ATT_OP_MTU_RSP
# bt_att_cmd_read_type_req_uuid16
O 1.096173 000000 02 00 20 0B 00 07 00 04 00 08 01 00 FF FF 00 2A
I 1.110474 000000 04 13 05 01 00 00 01 00
I 1.145168 000000 04 3E 28 02 01 02 01 54 A5 45 99 28 63 1C 03 03
000010 9F FE 17 16 9F FE 00 00 00 00 00 00 00 00 00 00
000020 00 00 00 00 00 00 00 00 00 00 C2
# BT_HCI_EVT_LE_ADVERTISING_REPORT
I 1.146641 000000 04 3E 16 02 01 04 01 54 A5 45 99 28 63 0A 09 FF
000010 E0 00 56 19 CA 90 F4 40 C2
# BT_HCI_EVT_LE_ADVERTISING_REPORT
I 1.155600 000000 02 00 20 17 00 13 00 04 00 09 11 16 00 53 74 61
000010 64 69 61 54 44 51 51 2D 35 38 62 37
# BT_ATT_OP_READ_TYPE_RSP
# bt_type_update: dev: 0 type: 0 subtype: 0
# dev: 0 type: 0 StadiaTDQQ-58b7
# bt_att_cmd_read_group_req_uuid16
O 1.157426 000000 02 00 20 0B 00 07 00 04 00 10 01 00 FF FF 00 28
I 1.170480 000000 04 13 05 01 00 00 01 00
I 1.180298 000000 04 3E 1F 02 01 00 01 61 EC 4A 39 32 6B 13 02 01
000010 1A 02 0A 06 0C FF 4C 00 10 07 3A 1F 88 44 09 26
000020 58 A0
# BT_HCI_EVT_LE_ADVERTISING_REPORT
I 1.181441 000000 04 3E 0C 02 01 04 01 61 EC 4A 39 32 6B 00 A1
# BT_HCI_EVT_LE_ADVERTISING_REPORT
I 1.200651 000000 02 00 20 24 00 20 00 04 00 11 06 01 00 05 00 01
000010 18 14 00 1C 00 00 18 28 00 37 00 0A 18 38 00 3B
000020 00 0F 18 3C 00 FF FF 12 18
# BT_ATT_OP_READ_GROUP_RSP
# bt_att_cmd_read_group_req_uuid16
O 1.202123 000000 02 00 20 0B 00 07 00 04 00 10 FF FF FF FF 00 28
I 1.215476 000000 04 13 05 01 00 00 01 00
I 1.245471 000000 02 00 20 09 00 05 00 04 00 01 10 FF FF 0A
# BT_ATT_OP_ERROR_RSP
# BT_ATT_OP_READ_GROUP_REQ
# bt_att_cmd_find_info_req
O 1.246251 000000 02 00 20 09 00 05 00 04 00 04 3C 00 FF FF
I 1.260460 000000 04 13 05 01 00 00 01 00
I 1.275926 000000 02 00 20 4A 00 46 00 04 00 05 01 3C 00 00 28 3D
000010 00 03 28 3E 00 4E 2A 3F 00 03 28 40 00 4D 2A 41
000020 00 02 29 42 00 08 29 43 00 03 28 44 00 4D 2A 45
000030 00 02 29 46 00 08 29 47 00 03 28 48 00 4B 2A 49
000040 00 03 28 4A 00 4A 2A 4B 00 03 28 4C 00 4C 2A
# BT_ATT_OP_FIND_INFO_RSP
# bt_att_cmd_find_info_req
O 1.278644 000000 02 00 20 09 00 05 00 04 00 04 4D 00 FF FF
I 1.290443 000000 04 13 05 01 00 00 01 00
I 1.319564 000000 04 3E 2B 02 01 03 01 90 15 22 0A 57 55 1F 1E FF
000010 06 00 01 09 20 02 BE 57 56 1C C0 CD 9E FD B4 2E
000020 57 A3 72 F1 BD C0 19 29 C9 BD BA 51 01 BF
# BT_HCI_EVT_LE_ADVERTISING_REPORT
I 1.321079 000000 02 00 20 09 00 05 00 04 00 01 04 4D 00 0A
# BT_ATT_OP_ERROR_RSP
# BT_ATT_OP_FIND_INFO_REQ
# bt_att_cmd_read_type_req_uuid16
O 1.322594 000000 02 00 20 0B 00 07 00 04 00 08 3C 00 FF FF 03 28
I 1.335470 000000 04 13 05 01 00 00 01 00
I 1.350726 000000 02 00 20 30 00 2C 00 04 00 09 07 3D 00 0A 3E 00
000010 4E 2A 3F 00 12 40 00 4D 2A 43 00 0A 44 00 4D 2A
000020 47 00 02 48 00 4B 2A 49 00 02 4A 00 4A 2A 4B 00
000030 08 4C 00 4C 2A
# BT_ATT_OP_READ_TYPE_RSP
# bt_att_cmd_read_req
O 1.352472 000000 02 00 20 07 00 03 00 04 00 0A 48 00
I 1.365433 000000 04 13 05 01 00 00 01 00
I 1.369013 000000 04 3E 1D 02 01 00 00 20 A3 69 CD 69 C8 11 02 01
000010 1A 02 0A 0C 0A FF 4C 00 10 05 09 14 23 39 7C A9
# BT_HCI_EVT_LE_ADVERTISING_REPORT
I 1.370077 000000 04 3E 0C 02 01 04 00 20 A3 69 CD 69 C8 00 AA
# BT_HCI_EVT_LE_ADVERTISING_REPORT
I 1.396863 000000 02 00 20 BB 00 B7 00 04 00 0B 05 01 09 05 A1 01
000010 85 03 05 01 75 04 95 01 25 07 46 3B 01 65 14 09
000020 39 81 42 45 00 65 00 75 01 95 04 81 01 05 09 15
000030 00 25 01 75 01 95 0F 09 12 09 11 09 14 09 13 09
000040 0D 09 0C 09 0B 09 0F 09 0E 09 08 09 07 09 05 09
000050 04 09 02 09 01 81 02 75 01 95 01 81 01 05 01 15
000060 01 26 FF 00 09 01 A1 00 09 30 09 31 75 08 95 02
000070 81 02 C0 09 01 A1 00 09 32 09 35 75 08 95 02 81
000080 02 C0 05 02 75 08 95 02 15 00 26 FF 00 09 C5 09
000090 C4 81 02 05 0C 15 00 25 01 09 E9 09 EA 75 01 95
0000A0 02 81 02 09 CD 95 01 81 02 95 05 81 01 85 05 06
0000B0 0F 00 09 97 75 10 95 02 27 FF FF 00 00 91 02 C0
# BT_ATT_OP_READ_RSP
# 3 0139 0 4, 0912 8 15 0130 24 8, 0131 32 8, 0132 40 8, 0135 48 8, 02C5 56 8, 02C4 64 8, 0CE9 72 2 0CCD 74 1 rtype: 2 dtype: 0 sub: 0
# 5
# bt_att_cmd_read_req
O 1.405272 000000 02 00 20 07 00 03 00 04 00 0A 42 00
I 1.410458 000000 04 13 05 01 00 00 01 00
I 1.425404 000000 02 00 20 07 00 03 00 04 00 0B 03 01
# BT_ATT_OP_READ_RSP
# bt_att_cmd_read_req
O 1.426058 000000 02 00 20 07 00 03 00 04 00 0A 46 00
I 1.440436 000000 04 13 05 01 00 00 01 00
I 1.454583 000000 04 3E 29 02 01 00 01 B6 B8 15 35 25 40 1D 02 01
000010 1A 09 FF C4 00 2E 33 15 13 17 80 02 0A D4 03 03
000020 B9 FE 08 1B 00 99 3B D4 86 2F 40 9E
# BT_HCI_EVT_LE_ADVERTISING_REPORT
I 1.456138 000000 04 3E 1A 02 01 04 01 B6 B8 15 35 25 40 0E 0A 09
000010 50 C3 A9 70 69 6E 20 54 56 02 0A D4 9D
# BT_HCI_EVT_LE_ADVERTISING_REPORT
I 1.458246 000000 04 3E 1D 02 01 00 00 36 12 57 EC B3 F0 11 02 01
000010 1A 02 0A 04 0A FF 4C 00 10 05 01 10 F2 88 78 CC
# BT_HCI_EVT_LE_ADVERTISING_REPORT
I 1.459344 000000 04 3E 0C 02 01 04 00 36 12 57 EC B3 F0 00 CC
# BT_HCI_EVT_LE_ADVERTISING_REPORT
I 1.460429 000000 04 3E 1B 02 01 03 01 A7 2F 4F 0C 61 14 0F 02 01
000010 1A 0B FF 4C 00 09 06 03 C0 C0 A8 56 D5 CC
# BT_HCI_EVT_LE_ADVERTISING_REPORT
I 1.470475 000000 02 00 20 07 00 03 00 04 00 0B 05 02
# BT_ATT_OP_READ_RSP
# bt_att_cmd_write_req
O 1.471086 000000 02 00 20 09 00 05 00 04 00 12 41 00 01 00
I 1.485453 000000 04 13 05 01 00 00 01 00
I 1.500381 000000 02 00 20 05 00 01 00 04 00 13
# BT_ATT_OP_WRITE_RSP
I 1.505283 000000 04 3E 28 02 01 02 01 4D EB 1F 61 F3 56 1C 03 03
000010 9F FE 17 16 9F FE 00 00 00 00 00 00 00 00 00 00
000020 00 00 00 00 00 00 00 00 00 00 A3
# BT_HCI_EVT_LE_ADVERTISING_REPORT
I 1.506714 000000 04 3E 16 02 01 04 01 4D EB 1F 61 F3 56 0A 09 FF
000010 E0 00 32 AE CA 32 83 3D A4
# BT_HCI_EVT_LE_ADVERTISING_REPORT
I 1.775112 000000 04 3E 2B 02 01 03 01 DB 34 D3 29 8B 1D 1F 1E FF
000010 06 00 01 0F 20 02 59 54 65 28 18 C3 62 C0 62 47
000020 4C F8 89 C8 15 E1 DB 27 B5 8B A3 CA 82 D2
# BT_HCI_EVT_LE_ADVERTISING_REPORT
I 1.865337 000000 04 3E 1E 02 01 00 01 B1 38 D5 14 BC 7C 12 02 01
000010 1A 02 0A 0C 0B FF 4C 00 10 06 03 19 32 82 E0 18
000020 A1
# BT_HCI_EVT_LE_ADVERTISING_REPORT
I 2.036012 000000 04 3E 16 02 01 04 01 FE 8F AD 6B 54 6B 0A 09 FF
000010 E0 00 56 17 CA 55 5C 71 B4
# BT_HCI_EVT_LE_ADVERTISING_REPORT
I 2.268981 000000 04 3E 28 02 01 02 01 E9 49 AC 1C 4F 59 1C 03 03
000010 9F FE 17 16 9F FE 00 00 00 00 00 00 00 00 00 00
000020 00 00 00 00 00 00 00 00 00 00 B8
# BT_HCI_EVT_LE_ADVERTISING_REPORT
I 2.270563 000000 04 3E 16 02 01 04 01 E9 49 AC 1C 4F 59 0A 09 FF
000010 E0 00 56 A8 CA 87 56 E9 B9
# BT_HCI_EVT_LE_ADVERTISING_REPORT
I 2.309542 000000 04 3E 28 02 01 02 01 9F 2D DB 6C 45 56 1C 03 03
000010 9F FE 17 16 9F FE 02 47 59 4F 65 73 30 46 59 49
000020 48 6B 00 00 01 86 A4 E0 2B 9F 9E
# BT_HCI_EVT_LE_ADVERTISING_REPORT
I 2.673403 000000 04 3E 28 02 01 02 01 04 F3 50 24 34 54 1C 03 03
000010 9F FE 17 16 9F FE 00 00 00 00 00 00 00 00 00 00
000020 00 00 00 00 00 00 00 00 00 00 A2
# BT_HCI_EVT_LE_ADVERTISING_REPORT
I 2.674910 000000 04 3E 16 02 01 04 01 04 F3 50 24 34 54 0A 09 FF
000010 E0 00 32 0E CA 6D 88 03 A3
# BT_HCI_EVT_LE_ADVERTISING_REPORT
I 3.935108 000000 04 3E 14 02 01 03 01 D0 CE 76 A7 E3 DE 08 07 FF
000010 4C 00 12 02 00 00 A0
# BT_HCI_EVT_LE_ADVERTISING_REPORT
I 4.428638 000000 04 01 01 00
# BT_HCI_EVT_INQUIRY_COMPLETE
# bt_hci_cmd_exit_periodic_inquiry
# bt_hci_cmd_le_set_scan_enable
# bt_hci_cmd_le_set_scan_param_passive
# bt_hci_cmd_le_set_scan_enable
O 4.429960 000000 01 04 04 00
I 4.623973 000000 04 0E 04 05 04 04 00
# BT_HCI_EVT_CMD_COMPLETE
O 4.624579 000000 01 0C 20 02 00 01
I 4.625233 000000 04 0E 04 05 0C 20 00
# BT_HCI_EVT_CMD_COMPLETE
O 4.625821 000000 01 0B 20 07 00 00 04 12 00 00 01
I 4.626329 000000 04 0E 04 05 0B 20 00
# BT_HCI_EVT_CMD_COMPLETE
O 4.626762 000000 01 0C 20 02 01 01
I 4.627390 000000 04 0E 04 05 0C 20 00
# BT_HCI_EVT_CMD_COMPLETE
I 5.415515 000000 02 00 20 11 00 0D 00 04 00 1B 40 00 08 10 00 80
000010 80 80 80 00 00 00
I 5.580480 000000 02 00 20 11 00 0D 00 04 00 1B 40 00 08 00 00 80
000010 80 80 80 00 00 00
I 7.755476 000000 02 00 20 11 00 0D 00 04 00 1B 40 00 08 10 00 80
000010 80 80 80 00 00 00
I 7.950543 000000 02 00 20 11 00 0D 00 04 00 1B 40 00 08 00 00 80
000010 80 80 80 00 00 00
# n64_ctrl_special_action: Set ctrl pak
I 9.435507 000000 02 00 20 11 00 0D 00 04 00 1B 40 00 08 10 00 80
000010 80 80 80 00 00 00
I 9.630476 000000 02 00 20 11 00 0D 00 04 00 1B 40 00 08 00 00 80
000010 80 80 80 00 00 00
# n64_ctrl_special_action: Set rumble pak
I 10.875511 000000 02 00 20 11 00 0D 00 04 00 1B 40 00 08 10 00 80
000010 80 80 80 00 00 00
I 11.100486 000000 02 00 20 11 00 0D 00 04 00 1B 40 00 08 00 00 80
000010 80 80 80 00 00 00
# n64_ctrl_special_action: Set ctrl pak
I 11.745501 000000 02 00 20 11 00 0D 00 04 00 1B 40 00 08 10 00 80
000010 80 80 80 00 00 00
I 11.940480 000000 02 00 20 11 00 0D 00 04 00 1B 40 00 08 00 00 80
000010 80 80 80 00 00 00
# n64_ctrl_special_action: Set rumble pak
I 13.501158 000000 02 00 20 11 00 0D 00 04 00 1B 40 00 08 00 00 80
000010 80 6F 88 00 00 00
I 13.502143 000000 02 00 20 11 00 0D 00 04 00 1B 40 00 08 00 00 80
000010 80 62 86 00 00 00
I 13.503066 000000 02 00 20 11 00 0D 00 04 00 1B 40 00 08 00 00 80
000010 80 52 84 00 00 00
I 13.503883 000000 02 00 20 11 00 0D 00 04 00 1B 40 00 08 00 00 80
000010 80 42 83 00 00 00
I 13.531156 000000 02 00 20 11 00 0D 00 04 00 1B 40 00 08 00 00 80
000010 80 29 82 00 00 00
I 13.532119 000000 02 00 20 11 00 0D 00 04 00 1B 40 00 08 00 00 80
000010 80 0D 81 00 00 00
I 13.532973 000000 02 00 20 11 00 0D 00 04 00 1B 40 00 08 00 00 80
000010 80 01 80 00 00 00
I 13.561115 000000 02 00 20 11 00 0D 00 04 00 1B 40 00 08 00 00 80
000010 80 01 7F 00 00 00
I 13.562104 000000 02 00 20 11 00 0D 00 04 00 1B 40 00 08 00 00 80
000010 80 01 7D 00 00 00
I 13.562933 000000 02 00 20 11 00 0D 00 04 00 1B 40 00 08 00 00 80
000010 80 01 7B 00 00 00
I 13.576166 000000 02 00 20 11 00 0D 00 04 00 1B 40 00 08 00 00 80
000010 80 01 7A 00 00 00
I 13.577143 000000 02 00 20 11 00 0D 00 04 00 1B 40 00 08 00 00 80
000010 80 01 77 00 00 00
I 13.577988 000000 02 00 20 11 00 0D 00 04 00 1B 40 00 08 00 00 80
000010 80 01 76 00 00 00
I 13.606115 000000 02 00 20 11 00 0D 00 04 00 1B 40 00 08 00 00 80
000010 80 01 75 00 00 00
I 13.607116 000000 02 00 20 11 00 0D 00 04 00 1B 40 00 08 00 00 80
000010 80 01 75 00 00 00
I 13.607955 000000 02 00 20 11 00 0D 00 04 00 1B 40 00 08 00 00 80
000010 80 01 74 00 00 00
I 13.621171 000000 02 00 20 11 00 0D 00 04 00 1B 40 00 08 00 00 80
000010 80 01 74 00 00 00
I 13.622027 000000 02 00 20 11 00 0D 00 04 00 1B 40 00 08 00 00 80
000010 80 01 74 00 00 00
I 13.651156 000000 02 00 20 11 00 0D 00 04 00 1B 40 00 08 00 00 80
000010 80 01 74 00 00 00
I 13.652114 000000 02 00 20 11 00 0D 00 04 00 1B 40 00 08 00 00 80
000010 80 01 74 00 00 00
I 13.652959 000000 02 00 20 11 00 0D 00 04 00 1B 40 00 08 00 00 80
000010 80 01 74 00 00 00
I 13.666150 000000 02 00 20 11 00 0D 00 04 00 1B 40 00 08 00 00 80
000010 80 01 74 00 00 00
I 13.667136 000000 02 00 20 11 00 0D 00 04 00 1B 40 00 08 00 00 80
000010 80 01 73 00 00 00
I 13.667975 000000 02 00 20 11 00 0D 00 04 00 1B 40 00 08 00 00 80
000010 80 01 72 00 00 00
I 13.696156 000000 02 00 20 11 00 0D 00 04 00 1B 40 00 08 00 00 80
000010 80 01 70 00 00 00
I 13.697108 000000 02 00 20 11 00 0D 00 04 00 1B 40 00 08 00 00 80
000010 80 01 6D 00 00 00
I 13.697958 000000 02 00 20 11 00 0D 00 04 00 1B 40 00 08 00 00 80
000010 80 02 6B 00 00 00
I 13.726116 000000 02 00 20 11 00 0D 00 04 00 1B 40 00 08 00 00 80
000010 80 0D 6A 00 00 00
I 13.727109 000000 02 00 20 11 00 0D 00 04 00 1B 40 00 08 00 00 80
000010 80 1F 6A 00 00 00
I 13.727937 000000 02 00 20 11 00 0D 00 04 00 1B 40 00 08 00 00 80
000010 80 33 6A 00 00 00
I 13.741168 000000 02 00 20 11 00 0D 00 04 00 1B 40 00 08 00 00 80
000010 80 4A 6A 00 00 00
I 13.742117 000000 02 00 20 11 00 0D 00 04 00 1B 40 00 08 00 00 80
000010 80 64 72 00 00 00
I 13.743050 000000 02 00 20 11 00 0D 00 04 00 1B 40 00 08 00 00 80
000010 80 80 80 00 00 00
I 13.743876 000000 02 00 20 11 00 0D 00 04 00 1B 40 00 08 00 00 80
000010 80 80 80 00 00 00
I 13.770497 000000 02 00 20 11 00 0D 00 04 00 1B 40 00 08 00 00 80
000010 80 80 80 00 00 00
I 14.566144 000000 02 00 20 11 00 0D 00 04 00 1B 40 00 08 00 00 70
000010 82 80 80 00 00 00
I 14.567142 000000 02 00 20 11 00 0D 00 04 00 1B 40 00 08 00 00 67
000010 82 80 80 00 00 00
I 14.568060 000000 02 00 20 11 00 0D 00 04 00 1B 40 00 08 00 00 59
000010 7F 80 80 00 00 00
I 14.568930 000000 02 00 20 11 00 0D 00 04 00 1B 40 00 08 00 00 47
000010 7B 80 80 00 00 00
I 14.596116 000000 02 00 20 11 00 0D 00 04 00 1B 40 00 08 00 00 35
000010 77 80 80 00 00 00
I 14.597119 000000 02 00 20 11 00 0D 00 04 00 1B 40 00 08 00 00 26
000010 72 80 80 00 00 00
I 14.597965 000000 02 00 20 11 00 0D 00 04 00 1B 40 00 08 00 00 13
000010 70 80 80 00 00 00
I 14.626156 000000 02 00 20 11 00 0D 00 04 00 1B 40 00 08 00 00 05
000010 6F 80 80 00 00 00
I 14.627126 000000 02 00 20 11 00 0D 00 04 00 1B 40 00 08 00 00 01
000010 6E 80 80 00 00 00
I 14.627988 000000 02 00 20 11 00 0D 00 04 00 1B 40 00 08 00 00 01
000010 6E 80 80 00 00 00
I 14.656135 000000 02 00 20 11 00 0D 00 04 00 1B 40 00 08 00 00 01
000010 6E 80 80 00 00 00
I 14.657039 000000 02 00 20 11 00 0D 00 04 00 1B 40 00 08 00 00 01
000010 6E 80 80 00 00 00
I 14.671150 000000 02 00 20 11 00 0D 00 04 00 1B 40 00 08 00 00 01
000010 6E 80 80 00 00 00
I 14.672110 000000 02 00 20 11 00 0D 00 04 00 1B 40 00 08 00 00 01
000010 6E 80 80 00 00 00
I 14.673020 000000 02 00 20 11 00 0D 00 04 00 1B 40 00 08 00 00 01
000010 6E 80 80 00 00 00
I 14.673870 000000 02 00 20 11 00 0D 00 04 00 1B 40 00 08 00 00 01
000010 6E 80 80 00 00 00
I 14.716116 000000 02 00 20 11 00 0D 00 04 00 1B 40 00 08 00 00 01
000010 6E 80 80 00 00 00
I 14.717113 000000 02 00 20 11 00 0D 00 04 00 1B 40 00 08 00 00 01
000010 6E 80 80 00 00 00
I 14.718045 000000 02 00 20 11 00 0D 00 04 00 1B 40 00 08 00 00 01
000010 6F 80 80 00 00 00
I 14.718918 000000 02 00 20 11 00 0D 00 04 00 1B 40 00 08 00 00 01
000010 71 80 80 00 00 00
I 14.746119 000000 02 00 20 11 00 0D 00 04 00 1B 40 00 08 00 00 01
000010 71 80 80 00 00 00
I 14.747134 000000 02 00 20 11 00 0D 00 04 00 1B 40 00 08 00 00 04
000010 71 80 80 00 00 00
I 14.747985 000000 02 00 20 11 00 0D 00 04 00 1B 40 00 08 00 00 0E
000010 72 80 80 00 00 00
I 14.776156 000000 02 00 20 11 00 0D 00 04 00 1B 40 00 08 00 00 1C
000010 73 80 80 00 00 00
I 14.777134 000000 02 00 20 11 00 0D 00 04 00 1B 40 00 08 00 00 2D
000010 73 80 80 00 00 00
I 14.777995 000000 02 00 20 11 00 0D 00 04 00 1B 40 00 08 00 00 43
000010 74 80 80 00 00 00
I 14.791150 000000 02 00 20 11 00 0D 00 04 00 1B 40 00 08 00 00 54
000010 75 80 80 00 00 00
I 14.792132 000000 02 00 20 11 00 0D 00 04 00 1B 40 00 08 00 00 80
000010 80 80 80 00 00 00
I 14.793050 000000 02 00 20 11 00 0D 00 04 00 1B 40 00 08 00 00 80
000010 80 80 80 00 00 00
I 14.793900 000000 02 00 20 11 00 0D 00 04 00 1B 40 00 08 00 00 80
000010 80 80 80 00 00 00
