# bt_hci_cmd_reset
O 000000 01 03 0C 00
I 000000 04 0E 04 05 03 0C 00
# BT_HCI_EVT_CMD_COMPLETE
# bt_hci_cmd_read_local_features
O 000000 01 03 10 00
I 000000 04 0E 0C 05 03 10 00 BF EE CD FE DB FF 7B 87
# BT_HCI_EVT_CMD_COMPLETE
# bt_hci_cmd_read_local_version_info
O 000000 01 01 10 00
I 000000 04 0E 0C 05 01 10 00 08 0E 03 08 60 00 0E 03
# BT_HCI_EVT_CMD_COMPLETE
# bt_hci_cmd_read_bd_addr
O 000000 01 09 10 00
I 000000 04 0E 0A 05 09 10 00 2E C3 E0 BD 9E 7C
# BT_HCI_EVT_CMD_COMPLETE
# local_name: BlueRetro_N64_C32E
# local_bdaddr: 7C:9E:BD:E0:C3:2E
# bt_hci_cmd_read_buffer_size
O 000000 01 05 10 00
I 000000 04 0E 0B 05 05 10 00 FD 03 FF 09 00 04 00
# BT_HCI_EVT_CMD_COMPLETE
# bt_hci_cmd_read_class_of_device
O 000000 01 23 0C 00
I 000000 04 0E 07 05 23 0C 00 00 00 00
# BT_HCI_EVT_CMD_COMPLETE
# bt_hci_cmd_read_local_name
O 000000 01 14 0C 00
I 000000 04 0E FC 05 14 0C 00 00 00 00 00 00 00 00 00 00 00 00 00 00 00 00 00 00 00 00 00 00 00 00 00 00 00 00 00 00 00 00 00 00 00 00 00 00 00 00 00 00 00 00 00 00 00 00 00 00 00 00 00 00 00 00 00 00 00 00 00 00 00 00 00 00 00 00 00 00 00 00 00 00 00 00 00 00 00 00 00 00 00 00 00 00 00 00 00 00 00 00 00 00 00 00 00 00 00 00 00 00 00 00 00 00 00 00 00 00 00 00 00 00 00 00 00 00 00 00 00 00 00 00 00 00 00 00 00 00 00 00 00 00 00 00 00 00 00 00 00 00 00 00 00 00 00 00 00 00 00 00 00 00 00 00 00 00 00 00 00 00 00 00 00 00 00 00 00 00 00 00 00 00 00 00 00 00 00 00 00 00 00 00 00 00 00 00 00 00 00 00 00 00 00 00 00 00 00 00 00 00 00 00 00 00 00 00 00 00 00 00 00 00 00 00 00 00 00 00 00 00 00 00 00 00 00 00 00 00 00 00 00 00 00 00 00 00 00 00 00 00 00 00 00 00 00 00 00
# BT_HCI_EVT_CMD_COMPLETE
# bt_hci_cmd_read_voice_setting
O 000000 01 25 0C 00
I 000000 04 0E 06 05 25 0C 00 00 00
# BT_HCI_EVT_CMD_COMPLETE
# bt_hci_cmd_read_num_supported_iac
O 000000 01 38 0C 00
I 000000 04 0E 05 05 38 0C 00 01
# BT_HCI_EVT_CMD_COMPLETE
# bt_hci_cmd_read_current_iac_lap
O 000000 01 39 0C 00
I 000000 04 0E 08 05 39 0C 00 01 33 8B 9E
# BT_HCI_EVT_CMD_COMPLETE
# bt_hci_cmd_set_event_filter
O 000000 01 05 0C 01 00
I 000000 04 0E 04 05 05 0C 00
# BT_HCI_EVT_CMD_COMPLETE
# bt_hci_cmd_write_conn_accept_timeout
O 000000 01 16 0C 02 00 7D
I 000000 04 0E 04 05 16 0C 00
# BT_HCI_EVT_CMD_COMPLETE
# bt_hci_cmd_read_supported_commands
O 000000 01 02 10 00
I 000000 04 0E 44 05 02 10 00 BF FF FF 03 CC FF EF FF 3F FF FC 1F F2 0F E8 FE 3F F7 8F FF 1C 00 04 00 61 F7 FF FF 7F 38 C0 FF 7F FF FF 0F 00 00 00 00 00 00 00 00 00 00 00 00 00 00 00 00 00 00 00 00 00 00 00 00 00 00 00 00
# BT_HCI_EVT_CMD_COMPLETE
# bt_hci_cmd_write_ssp_mode
O 000000 01 56 0C 01 01
I 000000 04 0E 04 05 56 0C 00
# BT_HCI_EVT_CMD_COMPLETE
# bt_hci_cmd_write_inquiry_mode
O 000000 01 45 0C 01 02
I 000000 04 0E 04 05 45 0C 00
# BT_HCI_EVT_CMD_COMPLETE
# bt_hci_cmd_read_inquiry_rsp_tx_pwr_lvl
O 000000 01 58 0C 00
I 000000 04 0E 05 05 58 0C 00 F4
# BT_HCI_EVT_CMD_COMPLETE
# bt_hci_cmd_read_local_ext_features
O 000000 01 04 10 01 01
I 000000 04 0E 0E 05 04 10 00 01 02 01 00 00 00 00 00 00 00
# BT_HCI_EVT_CMD_COMPLETE
# bt_hci_cmd_read_stored_link_key
O 000000 01 0D 0C 07 00 00 00 00 00 00 01
I 000000 04 0E 08 05 0D 0C 00 08 00 00 00
# BT_HCI_EVT_CMD_COMPLETE
# bt_hci_cmd_read_page_scan_activity
O 000000 01 1B 0C 00
I 000000 04 0E 08 05 1B 0C 00 00 08 12 00
# BT_HCI_EVT_CMD_COMPLETE
# bt_hci_cmd_read_page_scan_type
O 000000 01 46 0C 00
I 000000 04 0E 05 05 46 0C 00 00
# BT_HCI_EVT_CMD_COMPLETE
# bt_hci_cmd_write_le_host_supp
O 000000 01 6D 0C 02 01 00
I 000000 04 0E 04 05 6D 0C 00
# BT_HCI_EVT_CMD_COMPLETE
# bt_hci_cmd_le_read_wl_size
O 000000 01 0F 20 00
I 000000 04 0E 05 05 0F 20 00 0C
# BT_HCI_EVT_CMD_COMPLETE
# bt_hci_cmd_le_clear_wl
O 000000 01 10 20 00
I 000000 04 0E 04 05 10 20 00
# BT_HCI_EVT_CMD_COMPLETE
# bt_hci_cmd_le_add_dev_to_wl
O 000000 01 11 20 07 00 20 A4 52 22 16 44
I 000000 04 0E 04 05 11 20 00
# BT_HCI_EVT_CMD_COMPLETE
# bt_hci_cmd_le_add_dev_to_wl
O 000000 01 11 20 07 00 B7 58 96 5F C6 EE
I 000000 04 0E 04 05 11 20 00
# BT_HCI_EVT_CMD_COMPLETE
# bt_hci_cmd_delete_stored_link_key
O 000000 01 12 0C 07 00 00 00 00 00 00 01
I 000000 04 0E 06 05 12 0C 00 00 00
# BT_HCI_EVT_CMD_COMPLETE
# bt_hci_cmd_write_class_of_device
O 000000 01 24 0C 03 0C 01 1C
I 000000 04 0E 04 05 24 0C 00
# BT_HCI_EVT_CMD_COMPLETE
# bt_hci_cmd_write_local_name
O 000000 01 13 0C F8 42 6C 75 65 52 65 74 72 6F 20 41 64 61 70 74 65 72 00 00 00 00 00 00 00 00 00 00 00 00 00 00 00 00 00 00 00 00 00 00 00 00 00 00 00 00 00 00 00 00 00 00 00 00 00 00 00 00 00 00 00 00 00 00 00 00 00 00 00 00 00 00 00 00 00 00 00 00 00 00 00 00 00 00 00 00 00 00 00 00 00 00 00 00 00 00 00 00 00 00 00 00 00 00 00 00 00 00 00 00 00 00 00 00 00 00 00 00 00 00 00 00 00 00 00 00 00 00 00 00 00 00 00 00 00 00 00 00 00 00 00 00 00 00 00 00 00 00 00 00 00 00 00 00 00 00 00 00 00 00 00 00 00 00 00 00 00 00 00 00 00 00 00 00 00 00 00 00 00 00 00 00 00 00 00 00 00 00 00 00 00 00 00 00 00 00 00 00 00 00 00 00 00 00 00 00 00 00 00 00 00 00 00 00 00 00 00 00 00 00 00 00 00 00 00 00 00 00 00 00 00 00 00 00 00 00 00 00 00 00 00 00 00 00 00 00 00 00 00
I 000000 04 0E 04 05 13 0C 00
# BT_HCI_EVT_CMD_COMPLETE
# bt_hci_cmd_set_event_filter
O 000000 01 05 0C 08 01 01 00 05 00 00 1F 00
I 000000 04 0E 04 05 05 0C 00
# BT_HCI_EVT_CMD_COMPLETE
# bt_hci_cmd_set_event_filter
O 000000 01 05 0C 09 02 01 00 05 00 00 1F 00 01
I 000000 04 0E 04 05 05 0C 00
# BT_HCI_EVT_CMD_COMPLETE
# bt_hci_cmd_write_auth_enable
O 000000 01 20 0C 01 00
I 000000 04 0E 04 05 20 0C 00
# BT_HCI_EVT_CMD_COMPLETE
# bt_hci_cmd_set_event_mask
O 000000 01 01 0C 08 FF FF FB FF 07 F8 BF 3D
I 000000 04 0E 04 05 01 0C 00
# BT_HCI_EVT_CMD_COMPLETE
# bt_hci_cmd_write_page_scan_activity
O 000000 01 1C 0C 04 50 00 12 00
I 000000 04 0E 04 05 1C 0C 00
# BT_HCI_EVT_CMD_COMPLETE
# bt_hci_cmd_write_inquiry_scan_activity
O 000000 01 1E 0C 04 50 00 12 00
I 000000 04 0E 04 05 1E 0C 00
# BT_HCI_EVT_CMD_COMPLETE
# bt_hci_cmd_write_page_scan_type
O 000000 01 47 0C 01 01
I 000000 04 0E 04 05 47 0C 00
# BT_HCI_EVT_CMD_COMPLETE
# bt_hci_cmd_write_page_scan_timeout
O 000000 01 18 0C 02 00 20
I 000000 04 0E 04 05 18 0C 00
# BT_HCI_EVT_CMD_COMPLETE
# bt_hci_cmd_write_hold_mode_act
O 000000 01 2C 0C 01 00
I 000000 04 0E 04 05 2C 0C 01
# BT_HCI_EVT_CMD_COMPLETE
# bt_hci_cmd_write_scan_enable
O 000000 01 1A 0C 01 02
I 000000 04 0E 04 05 1A 0C 00
# BT_HCI_EVT_CMD_COMPLETE
# bt_hci_cmd_write_default_link_policy
O 000000 01 0F 08 02 0F 00
I 000000 04 0E 04 05 0F 08 00
# BT_HCI_EVT_CMD_COMPLETE
# bt_hci_cmd_le_read_buffer_size
O 000000 01 02 20 00
I 000000 04 0E 07 05 02 20 00 FB 00 0A
# BT_HCI_EVT_CMD_COMPLETE
# bt_att_set_le_max_mtu 247
# bt_hci_cmd_le_set_adv_param
O 000000 01 06 20 0F A0 00 A0 00 00 00 00 00 00 00 00 00 00 07 00
I 000000 04 0E 04 05 06 20 00
# BT_HCI_EVT_CMD_COMPLETE
# bt_hci_cmd_le_set_adv_data
O 000000 01 08 20 20 1B 02 01 06 03 02 0F 18 13 09 42 6C 75 65 52 65 74 72 6F 5F 4E 36 34 5F 43 33 32 45 00 00 00 00
I 000000 04 0E 04 05 08 20 00
# BT_HCI_EVT_CMD_COMPLETE
# bt_hci_cmd_le_set_scan_rsp_data
O 000000 01 09 20 20 12 11 07 56 9A 79 76 A1 2F 4B 31 B0 FA 80 51 56 0F 83 00 00 00 00 00 00 00 00 00 00 00 00 00 00
I 000000 04 0E 04 05 09 20 00
# BT_HCI_EVT_CMD_COMPLETE
# bt_hci_cmd_le_set_adv_enable
O 000000 01 0A 20 01 01
I 000000 04 0E 04 05 0A 20 00
# BT_HCI_EVT_CMD_COMPLETE
# bt_hci_cmd_le_set_scan_enable
# bt_hci_cmd_le_set_scan_param_active
# bt_hci_cmd_le_set_scan_enable
# bt_hci_cmd_periodic_inquiry
O 000000 01 0C 20 02 00 01
I 000000 04 0E 04 05 0C 20 0C
# BT_HCI_EVT_CMD_COMPLETE
# opcode: 0x200C error: 0x0C retry: 0
# bt_hci_cmd_le_set_scan_enable
# bt_hci_cmd_le_set_scan_param_active
# bt_hci_cmd_le_set_scan_enable
# bt_hci_cmd_periodic_inquiry
O 000000 01 0B 20 07 01 24 00 12 00 00 00
I 000000 04 0E 04 05 0B 20 00
# BT_HCI_EVT_CMD_COMPLETE
O 000000 01 0C 20 02 01 01
I 000000 04 0E 04 05 0C 20 00
# BT_HCI_EVT_CMD_COMPLETE
O 000000 01 03 04 09 0A 00 08 00 33 8B 9E 03 FF
I 000000 04 0E 04 05 03 04 00
# BT_HCI_EVT_CMD_COMPLETE
O 000000 01 0C 20 02 00 01
I 000000 04 0E 04 05 0C 20 00
# BT_HCI_EVT_CMD_COMPLETE
O 000000 01 0B 20 07 01 24 00 12 00 00 00
I 000000 04 0E 04 05 0B 20 00
# BT_HCI_EVT_CMD_COMPLETE
O 000000 01 0C 20 02 01 01
O 000000 01 03 04 09 0A 00 08 00 33 8B 9E 03 FF
I 000000 04 0E 04 04 03 04 0C
# BT_HCI_EVT_CMD_COMPLETE
# opcode: 0x0403 error: 0x0C retry: 0
I 000000 04 0E 04 05 0C 20 00
# BT_HCI_EVT_CMD_COMPLETE
I 000000 04 3E 2B 02 01 03 01 EB 21 C4 B1 39 5E 1F 1E FF 06 00 01 09 20 02 CF 8D 2B 45 24 77 4B D9 B8 3F 86 C3 27 91 44 CA E9 F5 16 88 96 E7 B9 BA
# BT_HCI_EVT_LE_ADVERTISING_REPORT
I 000000 04 3E 28 02 01 02 01 4E 36 15 01 AD 69 1C 03 03 9F FE 17 16 9F FE 00 00 00 00 00 00 00 00 00 00 00 00 00 00 00 00 00 00 00 00 C2
# BT_HCI_EVT_LE_ADVERTISING_REPORT
I 000000 04 3E 16 02 01 04 01 4E 36 15 01 AD 69 0A 09 FF E0 00 56 19 CA 90 F4 40 C2
# BT_HCI_EVT_LE_ADVERTISING_REPORT
# mc_restore: restore sucessful!
I (954) gpio: GPIO[0]| InputEn: 1| OutputEn: 0| OpenDrain: 0| Pullup: 1| Pulldown: 0| Intr:0
# internal_flag_init: External adapter
I (964) gpio: GPIO[2]| InputEn: 0| OutputEn: 1| OpenDrain: 0| Pullup: 0| Pulldown: 0| Intr:0
I (964) gpio: GPIO[4]| InputEn: 0| OutputEn: 1| OpenDrain: 0| Pullup: 0| Pulldown: 0| Intr:0
I (964) gpio: GPIO[12]| InputEn: 0| OutputEn: 1| OpenDrain: 0| Pullup: 0| Pulldown: 0| Intr:0
I (964) gpio: GPIO[15]| InputEn: 0| OutputEn: 1| OpenDrain: 0| Pullup: 0| Pulldown: 0| Intr:0
I (964) main_task: Returned from app_main()
I 000000 04 3E 28 02 01 02 01 2A DC 9C 67 A5 4C 1C 03 03 9F FE 17 16 9F FE 00 00 00 00 00 00 00 00 00 00 00 00 00 00 00 00 00 00 00 00 B3
# BT_HCI_EVT_LE_ADVERTISING_REPORT
I 000000 04 3E 16 02 01 04 01 2A DC 9C 67 A5 4C 0A 09 FF E0 00 56 A8 CA 87 56 E9 C0
# BT_HCI_EVT_LE_ADVERTISING_REPORT
I 000000 04 3E 2B 02 01 03 01 65 33 43 F6 88 20 1F 1E FF 06 00 01 0F 20 02 20 67 1F 35 11 34 FC AC C3 6B 90 87 F3 F5 8B 9B 43 B8 20 A2 7C BC 05 D6
# BT_HCI_EVT_LE_ADVERTISING_REPORT
I 000000 04 3E 19 02 01 00 01 5F F1 2E B7 05 6E 0D 02 01 02 03 03 50 FE 05 16 50 FE 3A 9B B2
# BT_HCI_EVT_LE_ADVERTISING_REPORT
I 000000 04 3E 0C 02 01 04 01 5F F1 2E B7 05 6E 00 B1
# BT_HCI_EVT_LE_ADVERTISING_REPORT
I 000000 04 3E 1D 02 01 00 00 20 A3 69 CD 69 C8 11 02 01 1A 02 0A 0C 0A FF 4C 00 10 05 09 14 23 39 7C B0
# BT_HCI_EVT_LE_ADVERTISING_REPORT
I 000000 04 3E 1B 02 01 03 01 62 7A 31 ED 7E 3D 0F 02 01 1A 0B FF 4C 00 09 06 03 FA C0 A8 56 D5 C6
# BT_HCI_EVT_LE_ADVERTISING_REPORT
I 000000 04 3E 1B 02 01 00 00 DB A6 EA CD 69 C8 0F 02 01 1A 0B FF 4C 00 09 06 03 26 00 00 00 00 A1
# BT_HCI_EVT_LE_ADVERTISING_REPORT
I 000000 04 3E 0C 02 01 04 00 DB A6 EA CD 69 C8 00 A1
# BT_HCI_EVT_LE_ADVERTISING_REPORT
I 000000 04 3E 28 02 01 02 01 FA A1 E9 8A 05 5B 1C 03 03 9F FE 17 16 9F FE 00 00 00 00 00 00 00 00 00 00 00 00 00 00 00 00 00 00 00 00 C1
# BT_HCI_EVT_LE_ADVERTISING_REPORT
I 000000 04 3E 16 02 01 04 01 FA A1 E9 8A 05 5B 0A 09 FF E0 00 56 CB CA 82 5B 44 C1
# BT_HCI_EVT_LE_ADVERTISING_REPORT
I 000000 04 3E 1D 02 01 00 00 36 12 57 EC B3 F0 11 02 01 1A 02 0A 04 0A FF 4C 00 10 05 01 10 F2 88 78 CE
# BT_HCI_EVT_LE_ADVERTISING_REPORT
I 000000 04 3E 0C 02 01 04 00 36 12 57 EC B3 F0 00 CE
# BT_HCI_EVT_LE_ADVERTISING_REPORT
I 000000 04 3E 0C 02 01 04 00 20 A3 69 CD 69 C8 00 B1
# BT_HCI_EVT_LE_ADVERTISING_REPORT
I 000000 04 3E 29 02 01 00 01 1F D0 C0 70 97 7D 1D 02 01 1A 09 FF C4 00 0C 33 15 13 17 80 02 0A D4 03 03 B9 FE 08 1B 00 99 3B D4 86 2F 40 A6
# BT_HCI_EVT_LE_ADVERTISING_REPORT
I 000000 04 3E 1A 02 01 04 01 1F D0 C0 70 97 7D 0E 0A 09 50 C3 A9 70 69 6E 20 54 56 02 0A D4 A8
# BT_HCI_EVT_LE_ADVERTISING_REPORT
I 000000 04 3E 1F 02 01 00 01 94 75 DF 1D 71 69 13 02 01 1A 02 0A 08 0C FF 4C 00 10 07 7B 1F 24 9B A2 A8 28 A2
# BT_HCI_EVT_LE_ADVERTISING_REPORT
I 000000 04 3E 1B 02 01 03 01 31 4A 8A AC FF 14 0F 02 01 1A 0B FF 4C 00 09 06 03 04 C0 A8 01 08 A9
# BT_HCI_EVT_LE_ADVERTISING_REPORT
I 000000 04 01 01 00
# BT_HCI_EVT_INQUIRY_COMPLETE
I 000000 04 04 0A 85 3A F4 20 DA E8 08 05 00 01
# BT_HCI_EVT_CONN_REQUEST
# bt_hci_cmd_accept_conn_req
# Page dev: 0 type: 0 bdaddr: E8:DA:20:F4:3A:85
O 000000 01 09 04 07 85 3A F4 20 DA E8 00
I 000000 04 0F 04 00 05 09 04
# BT_HCI_EVT_CMD_STATUS
I 000000 04 12 08 00 85 3A F4 20 DA E8 00
# BT_HCI_EVT_ROLE_CHANGE
I 000000 04 03 0B 00 80 00 85 3A F4 20 DA E8 01 00
# BT_HCI_EVT_CONN_COMPLETE
# dev: 0 acl_handle: 0x0080
# bt_hci_cmd_le_set_adv_disable
# bt_hci_cmd_remote_name_request
O 000000 01 0A 20 01 00
I 000000 04 0E 04 05 0A 20 00
# BT_HCI_EVT_CMD_COMPLETE
I 000000 04 1B 03 80 00 05
O 000000 01 19 04 0A 85 3A F4 20 DA E8 01 00 00 00
I 000000 04 0F 04 00 05 19 04
# BT_HCI_EVT_CMD_STATUS
I 000000 04 07 FF 00 85 3A F4 20 DA E8 50 72 6F 20 43 6F 6E 74 72 6F 6C 6C 65 72 00 00 00 00 00 00 00 00 00 00 00 00 00 00 00 00 00 00 00 00 00 00 00 00 00 00 00 00 00 00 00 00 00 00 00 00 00 00 00 00 00 00 00 00 00 00 00 00 00 00 00 00 00 00 00 00 00 00 00 00 00 00 00 00 00 00 00 00 00 00 00 00 00 00 00 00 00 00 00 00 00 00 00 00 00 00 00 00 00 00 00 00 00 00 00 00 00 00 00 00 00 00 00 00 00 00 00 00 00 00 00 00 00 00 00 00 00 00 00 00 00 00 00 00 00 00 00 00 00 00 00 00 00 00 00 00 00 00 00 00 00 00 00 00 00 00 00 00 00 00 00 00 00 00 00 00 00 00 00 00 00 00 00 00 00 00 00 00 00 00 00 00 00 00 00 00 00 00 00 00 00 00 00 00 00 00 00 00 00 00 00 00 00 00 00 00 00 00 00 00 00 00 00 00 00 00 00 00 00 00 00 00 00 00 00 00 00 00 00 00 00 00 00 00 00 00 00 00 00 00 00 00 00 00
# BT_HCI_EVT_REMOTE_NAME_REQ_COMPLETE:
# bt_type_update: dev: 0 type: 5 subtype: 0
# bt_hci_cmd_exit_periodic_inquiry
# bt_hci_cmd_le_set_scan_enable
# bt_hci_cmd_le_set_scan_param_passive
# bt_hci_cmd_le_set_scan_enable
O 000000 01 04 04 00
# bt_hci_cmd_read_remote_features
# dev: 0 type: 5:0 Pro Controller
I 000000 04 0E 04 05 04 04 00
# BT_HCI_EVT_CMD_COMPLETE
O 000000 01 0C 20 02 00 01
I 000000 04 0E 04 05 0C 20 00
# BT_HCI_EVT_CMD_COMPLETE
O 000000 01 0B 20 07 00 00 04 12 00 00 01
I 000000 04 0E 04 05 0B 20 00
# BT_HCI_EVT_CMD_COMPLETE
O 000000 01 0C 20 02 01 01
I 000000 04 0E 04 05 0C 20 00
# BT_HCI_EVT_CMD_COMPLETE
O 000000 01 1B 04 02 80 00
I 000000 04 0F 04 00 05 1B 04
# BT_HCI_EVT_CMD_STATUS
I 000000 04 0B 0B 00 80 00 BF F8 CB FE CB EF 7B 87
# BT_HCI_EVT_REMOTE_FEATURES
# bt_hci_cmd_read_remote_ext_features
# bt_l2cap_cmd_ext_feat_mask_req
O 000000 01 1C 04 03 80 00 01
I 000000 04 0F 04 00 05 1C 04
# BT_HCI_EVT_CMD_STATUS
O 000000 02 80 20 0A 00 06 00 01 00 0A 00 02 00 02 00
I 000000 04 13 05 01 80 00 01 00
I 000000 04 23 0D 00 80 00 01 02 01 00 00 00 00 00 00 00
# BT_HCI_EVT_REMOTE_EXT_FEATURES
I 000000 02 80 20 0C 00 08 00 01 00 0B 00 04 00 02 00 01 00
# BT_L2CAP_INFO_RSP
I 000000 04 17 06 85 3A F4 20 DA E8
# BT_HCI_EVT_LINK_KEY_REQ
# bt_hci_cmd_link_key_reply
O 000000 01 0B 04 16 85 3A F4 20 DA E8 FA ED 70 93 8A CA 17 C7 5A 7B 37 02 12 5F B3 D4
I 000000 04 0E 0A 05 0B 04 00 85 3A F4 20 DA E8
# BT_HCI_EVT_CMD_COMPLETE
I 000000 04 FF 03 03 80 00
I 000000 04 08 04 00 80 00 01
# BT_HCI_EVT_ENCRYPT_CHANGE
I 000000 02 80 20 0C 00 08 00 01 00 02 02 04 00 11 00 42 00
# BT_L2CAP_CONN_REQ
O 000000 02 80 20 10 00 0C 00 01 00 03 02 08 00 80 00 42 00 00 00 00 00
O 000000 02 80 20 0C 00 08 00 01 00 04 01 04 00 42 00 00 00
I 000000 04 13 05 01 80 00 01 00
I 000000 02 80 20 10 00 0C 00 01 00 04 03 08 00 80 00 00 00 01 02 20 03
# BT_L2CAP_CONF_REQ
I 000000 04 13 05 01 80 00 01 00
O 000000 02 80 20 12 00 0E 00 01 00 05 03 0A 00 42 00 00 00 00 00 01 02 20 03
I 000000 02 80 20 0E 00 0A 00 01 00 05 01 06 00 80 00 00 00 00 00
# BT_L2CAP_CONF_RSP
I 000000 04 13 05 01 80 00 01 00
I 000000 02 80 20 0C 00 08 00 01 00 06 04 04 00 80 00 42 00
# BT_L2CAP_DISCONN_REQ
O 000000 02 80 20 0C 00 08 00 01 00 07 04 04 00 80 00 42 00
I 000000 04 13 05 01 80 00 01 00
I 000000 04 05 04 00 80 00 13
# BT_HCI_EVT_DISCONN_COMPLETE
# DISCONN from dev: 0
# bt_hci_cmd_le_set_scan_enable
# bt_hci_cmd_le_set_scan_param_active
# bt_hci_cmd_le_set_scan_enable
# bt_hci_cmd_periodic_inquiry
# bt_hci_cmd_le_set_adv_enable
O 000000 01 0C 20 02 00 01
I 000000 04 0E 04 05 0C 20 00
# BT_HCI_EVT_CMD_COMPLETE
O 000000 01 0B 20 07 01 24 00 12 00 00 00
I 000000 04 0E 04 05 0B 20 00
# BT_HCI_EVT_CMD_COMPLETE
O 000000 01 0C 20 02 01 01
I 000000 04 0E 04 05 0C 20 00
# BT_HCI_EVT_CMD_COMPLETE
O 000000 01 03 04 09 0A 00 08 00 33 8B 9E 03 FF
I 000000 04 0E 04 05 03 04 00
# BT_HCI_EVT_CMD_COMPLETE
O 000000 01 0A 20 01 01
I 000000 04 0E 04 05 0A 20 00
# BT_HCI_EVT_CMD_COMPLETE
I 000000 04 04 0A 85 3A F4 20 DA E8 08 05 00 01
# BT_HCI_EVT_CONN_REQUEST
# bt_hci_cmd_accept_conn_req
# Page dev: 0 type: 0 bdaddr: E8:DA:20:F4:3A:85
O 000000 01 09 04 07 85 3A F4 20 DA E8 00
I 000000 04 0F 04 00 05 09 04
# BT_HCI_EVT_CMD_STATUS
I 000000 04 3E 1B 02 01 03 01 31 4A 8A AC FF 14 0F 02 01 1A 0B FF 4C 00 09 06 03 04 C0 A8 01 08 A2
# BT_HCI_EVT_LE_ADVERTISING_REPORT
I 000000 04 3E 28 02 01 02 01 4E 36 15 01 AD 69 1C 03 03 9F FE 17 16 9F FE 00 00 00 00 00 00 00 00 00 00 00 00 00 00 00 00 00 00 00 00 C1
# BT_HCI_EVT_LE_ADVERTISING_REPORT
I 000000 04 3E 16 02 01 04 01 4E 36 15 01 AD 69 0A 09 FF E0 00 56 19 CA 90 F4 40 C1
# BT_HCI_EVT_LE_ADVERTISING_REPORT
I 000000 04 3E 2B 02 01 03 01 EB 21 C4 B1 39 5E 1F 1E FF 06 00 01 09 20 02 CF 8D 2B 45 24 77 4B D9 B8 3F 86 C3 27 91 44 CA E9 F5 16 88 96 E7 B9 B3
# BT_HCI_EVT_LE_ADVERTISING_REPORT
I 000000 04 12 08 00 85 3A F4 20 DA E8 00
# BT_HCI_EVT_ROLE_CHANGE
I 000000 04 03 0B 00 81 00 85 3A F4 20 DA E8 01 00
# BT_HCI_EVT_CONN_COMPLETE
# dev: 0 acl_handle: 0x0081
# bt_hci_cmd_le_set_adv_disable
# bt_hci_cmd_remote_name_request
O 000000 01 0A 20 01 00
I 000000 04 0E 04 05 0A 20 00
# BT_HCI_EVT_CMD_COMPLETE
I 000000 04 1B 03 81 00 05
O 000000 01 19 04 0A 85 3A F4 20 DA E8 01 00 00 00
I 000000 04 0F 04 00 05 19 04
# BT_HCI_EVT_CMD_STATUS
I 000000 04 07 FF 00 85 3A F4 20 DA E8 50 72 6F 20 43 6F 6E 74 72 6F 6C 6C 65 72 00 00 00 00 00 00 00 00 00 00 00 00 00 00 00 00 00 00 00 00 00 00 00 00 00 00 00 00 00 00 00 00 00 00 00 00 00 00 00 00 00 00 00 00 00 00 00 00 00 00 00 00 00 00 00 00 00 00 00 00 00 00 00 00 00 00 00 00 00 00 00 00 00 00 00 00 00 00 00 00 00 00 00 00 00 00 00 00 00 00 00 00 00 00 00 00 00 00 00 00 00 00 00 00 00 00 00 00 00 00 00 00 00 00 00 00 00 00 00 00 00 00 00 00 00 00 00 00 00 00 00 00 00 00 00 00 00 00 00 00 00 00 00 00 00 00 00 00 00 00 00 00 00 00 00 00 00 00 00 00 00 00 00 00 00 00 00 00 00 00 00 00 00 00 00 00 00 00 00 00 00 00 00 00 00 00 00 00 00 00 00 00 00 00 00 00 00 00 00 00 00 00 00 00 00 00 00 00 00 00 00 00 00 00 00 00 00 00 00 00 00 00 00 00 00 00 00 00 00 00 00 00 00 00
# BT_HCI_EVT_REMOTE_NAME_REQ_COMPLETE:
# bt_type_update: dev: 0 type: 5 subtype: 0
# bt_hci_cmd_exit_periodic_inquiry
# bt_hci_cmd_le_set_scan_enable
# bt_hci_cmd_le_set_scan_param_passive
# bt_hci_cmd_le_set_scan_enable
O 000000 01 04 04 00
# bt_hci_cmd_read_remote_features
# dev: 0 type: 5:0 Pro Controller
I 000000 04 3E 1B 02 01 03 01 62 7A 31 ED 7E 3D 0F 02 01 1A 0B FF 4C 00 09 06 03 FA C0 A8 56 D5 CE
# BT_HCI_EVT_LE_ADVERTISING_REPORT
I 000000 04 3E 1D 02 01 00 00 36 12 57 EC B3 F0 11 02 01 1A 02 0A 04 0A FF 4C 00 10 05 01 10 F2 88 78 C3
# BT_HCI_EVT_LE_ADVERTISING_REPORT
I 000000 04 3E 0C 02 01 04 00 36 12 57 EC B3 F0 00 C2
# BT_HCI_EVT_LE_ADVERTISING_REPORT
I 000000 04 3E 28 02 01 02 01 2A DC 9C 67 A5 4C 1C 03 03 9F FE 17 16 9F FE 00 00 00 00 00 00 00 00 00 00 00 00 00 00 00 00 00 00 00 00 C2
# BT_HCI_EVT_LE_ADVERTISING_REPORT
I 000000 04 3E 16 02 01 04 01 2A DC 9C 67 A5 4C 0A 09 FF E0 00 56 A8 CA 87 56 E9 C2
# BT_HCI_EVT_LE_ADVERTISING_REPORT
I 000000 04 0E 04 05 04 04 00
# BT_HCI_EVT_CMD_COMPLETE
O 000000 01 0C 20 02 00 01
I 000000 04 0E 04 05 0C 20 00
# BT_HCI_EVT_CMD_COMPLETE
O 000000 01 0B 20 07 00 00 04 12 00 00 01
I 000000 04 0E 04 05 0B 20 00
# BT_HCI_EVT_CMD_COMPLETE
O 000000 01 0C 20 02 01 01
I 000000 04 0E 04 05 0C 20 00
# BT_HCI_EVT_CMD_COMPLETE
O 000000 01 1B 04 02 81 00
I 000000 04 0F 04 00 05 1B 04
# BT_HCI_EVT_CMD_STATUS
I 000000 04 0B 0B 00 81 00 BF F8 CB FE CB EF 7B 87
# BT_HCI_EVT_REMOTE_FEATURES
# bt_hci_cmd_read_remote_ext_features
# bt_l2cap_cmd_ext_feat_mask_req
O 000000 01 1C 04 03 81 00 01
I 000000 04 0F 04 00 05 1C 04
# BT_HCI_EVT_CMD_STATUS
O 000000 02 81 20 0A 00 06 00 01 00 0A 02 02 00 02 00
I 000000 04 13 05 01 81 00 01 00
I 000000 04 23 0D 00 81 00 01 02 01 00 00 00 00 00 00 00
# BT_HCI_EVT_REMOTE_EXT_FEATURES
I 000000 04 17 06 85 3A F4 20 DA E8
# BT_HCI_EVT_LINK_KEY_REQ
# bt_hci_cmd_link_key_reply
O 000000 01 0B 04 16 85 3A F4 20 DA E8 FA ED 70 93 8A CA 17 C7 5A 7B 37 02 12 5F B3 D4
I 000000 04 0E 0A 05 0B 04 00 85 3A F4 20 DA E8
# BT_HCI_EVT_CMD_COMPLETE
I 000000 02 81 20 0C 00 08 00 01 00 0B 02 04 00 02 00 01 00
# BT_L2CAP_INFO_RSP
I 000000 04 FF 03 03 81 00
I 000000 04 08 04 00 81 00 01
# BT_HCI_EVT_ENCRYPT_CHANGE
I 000000 02 81 20 0C 00 08 00 01 00 02 02 04 00 11 00 44 00
# BT_L2CAP_CONN_REQ
O 000000 02 81 20 10 00 0C 00 01 00 03 02 08 00 80 00 44 00 00 00 00 00
O 000000 02 81 20 0C 00 08 00 01 00 04 03 04 00 44 00 00 00
I 000000 04 13 05 01 81 00 01 00
I 000000 02 81 20 10 00 0C 00 01 00 04 03 08 00 80 00 00 00 01 02 20 03
# BT_L2CAP_CONF_REQ
I 000000 04 13 05 01 81 00 01 00
O 000000 02 81 20 12 00 0E 00 01 00 05 03 0A 00 44 00 00 00 00 00 01 02 20 03
I 000000 02 81 20 0E 00 0A 00 01 00 05 03 06 00 80 00 00 00 00 00
# BT_L2CAP_CONF_RSP
I 000000 04 13 05 01 81 00 01 00
I 000000 04 30 03 00 81 00
I 000000 02 81 20 0C 00 08 00 01 00 02 04 04 00 13 00 45 00
# BT_L2CAP_CONN_REQ
O 000000 02 81 20 10 00 0C 00 01 00 03 04 08 00 90 00 45 00 00 00 00 00
O 000000 02 81 20 0C 00 08 00 01 00 04 04 04 00 45 00 00 00
I 000000 04 13 05 01 81 00 01 00
I 000000 02 81 20 10 00 0C 00 01 00 04 05 08 00 90 00 00 00 01 02 20 03
# BT_L2CAP_CONF_REQ
I 000000 04 13 05 01 81 00 01 00
O 000000 02 81 20 12 00 0E 00 01 00 05 05 0A 00 45 00 00 00 00 00 01 02 20 03
I 000000 02 81 20 0E 00 0A 00 01 00 05 04 06 00 90 00 00 00 00 00
# BT_L2CAP_CONF_RSP
# bt_hid_sw_init
I 000000 04 13 05 01 81 00 01 00
O 000000 02 81 20 36 00 32 00 45 00 A2 01 00 00 00 00 00 00 00 00 00 30 01 00 00 00 00 00 00 00 00 00 00 00 00 00 00 00 00 00 00 00 00 00 00 00 00 00 00 00 00 00 00 00 00 00 00 00 00 00
I 000000 02 81 20 11 00 0D 00 90 00 A1 3F 00 00 08 00 00 FF FF 00 00 EF FF
# bt_type_update: dev: 0 type: 5 subtype: 0
I 000000 04 13 05 01 81 00 01 00
I 000000 02 81 20 36 00 32 00 90 00 A1 21 16 40 00 00 00 29 68 7F CD 07 7A 0F 80 30 00 00 00 00 00 00 00 00 00 00 00 00 00 00 00 00 00 00 00 00 00 00 00 00 00 00 00 00 00 00 00 00 00 00
I 000000 04 14 06 00 81 00 02 18 00
O 000000 02 81 20 36 00 32 00 45 00 A2 01 01 00 00 00 00 00 00 00 00 48 01 00 00 00 00 00 00 00 00 00 00 00 00 00 00 00 00 00 00 00 00 00 00 00 00 00 00 00 00 00 00 00 00 00 00 00 00 00
I 000000 02 81 20 11 00 0D 00 90 00 A1 3F 00 00 08 60 82 9F 80 D0 7C EF 85
I 000000 04 13 05 01 81 00 01 00
I 000000 02 81 20 36 00 32 00 90 00 A1 21 1D 40 00 00 00 28 78 7F CE 37 7A 00 80 48 00 00 00 00 00 00 00 00 00 00 00 00 00 00 00 00 00 00 00 00 00 00 00 00 00 00 00 00 00 00 00 00 00 00
O 000000 02 81 20 36 00 32 00 45 00 A2 01 02 00 00 00 00 00 00 00 00 10 3D 60 00 00 12 00 00 00 00 00 00 00 00 00 00 00 00 00 00 00 00 00 00 00 00 00 00 00 00 00 00 00 00 00 00 00 00 00
I 000000 02 81 20 11 00 0D 00 90 00 A1 3F 00 00 08 70 82 8F 80 D0 7C DF 85
I 000000 04 13 05 01 81 00 01 00
I 000000 02 81 20 36 00 32 00 90 00 A1 21 23 40 00 00 00 27 68 7F CD 27 7A 00 90 10 3D 60 00 00 12 F5 65 64 E1 47 7F F8 D5 64 B1 67 79 F0 75 5F BC 75 62 00 00 00 00 00 00 00 00 00 00 00
# BT_HIDP_SW_SUBCMD_READ_SPI 0x603D
# 000000 F5 65 64 E1 47 7F F8 D5 64 B1 67 79 F0 75 5F BC
# 000010 75 62
O 000000 02 81 20 36 00 32 00 45 00 A2 01 03 00 00 00 00 00 00 00 00 10 86 60 00 00 12 00 00 00 00 00 00 00 00 00 00 00 00 00 00 00 00 00 00 00 00 00 00 00 00 00 00 00 00 00 00 00 00 00
I 000000 02 81 20 11 00 0D 00 90 00 A1 3F 00 00 08 80 82 8F 80 D0 7C DF 85
I 000000 04 13 05 01 81 00 01 00
I 000000 02 81 20 36 00 32 00 90 00 A1 21 29 40 00 00 00 28 68 7F CD 27 7A 00 90 10 86 60 00 00 12 0F 30 61 AE 90 D9 D4 14 54 41 15 54 C7 79 9C 33 36 63 00 00 00 00 00 00 00 00 00 00 00
# BT_HIDP_SW_SUBCMD_READ_SPI 0x6086
# 000000 0F 30 61 AE 90 D9 D4 14 54 41 15 54 C7 79 9C 33
# 000010 36 63
O 000000 02 81 20 36 00 32 00 45 00 A2 01 04 00 00 00 00 00 00 00 00 10 98 60 00 00 12 00 00 00 00 00 00 00 00 00 00 00 00 00 00 00 00 00 00 00 00 00 00 00 00 00 00 00 00 00 00 00 00 00
I 000000 02 81 20 11 00 0D 00 90 00 A1 3F 00 00 08 60 82 8F 80 E0 7C CF 85
I 000000 04 13 05 01 81 00 01 00
I 000000 02 81 20 36 00 32 00 90 00 A1 21 2F 40 00 00 00 28 68 7F CD 37 7A 00 90 10 98 60 00 00 12 0F 30 61 AE 90 D9 D4 14 54 41 15 54 C7 79 9C 33 36 63 00 00 00 00 00 00 00 00 00 00 00
# BT_HIDP_SW_SUBCMD_READ_SPI 0x6098
# 000000 0F 30 61 AE 90 D9 D4 14 54 41 15 54 C7 79 9C 33
# 000010 36 63
O 000000 02 81 20 36 00 32 00 45 00 A2 01 05 00 00 00 00 00 00 00 00 10 10 80 00 00 16 00 00 00 00 00 00 00 00 00 00 00 00 00 00 00 00 00 00 00 00 00 00 00 00 00 00 00 00 00 00 00 00 00
I 000000 02 81 20 11 00 0D 00 90 00 A1 3F 00 00 08 60 82 9F 80 F0 7C DF 85
I 000000 04 13 05 01 81 00 01 00
I 000000 02 81 20 36 00 32 00 90 00 A1 21 35 40 00 00 00 27 68 7F CD 27 7A 00 90 10 10 80 00 00 16 B2 A1 0E 66 64 E4 C7 7D FC 85 63 B2 A1 B1 D7 78 F1 85 61 02 26 64 00 00 00 00 00 00 00
# BT_HIDP_SW_SUBCMD_READ_SPI 0x8010
# 000000 B2 A1 0E 66 64 E4 C7 7D FC 85 63 B2 A1 B1 D7 78
# 000010 F1 85 61 02 26 64
# rel_min LX 5FC RX 5F1
# neutral LX 7E4 RX 7B1
# rel_max LX 60E RX 602
# rel_min LY 638 RY 618
# neutral LY 7DC RY 78D
# rel_max LY 646 RY 642
#         LD 0AE RD 0AE
O 000000 02 81 20 36 00 32 00 45 00 A2 01 06 00 00 00 00 00 00 00 00 03 30 00 00 00 00 00 00 00 00 00 00 00 00 00 00 00 00 00 00 00 00 00 00 00 00 00 00 00 00 00 00 00 00 00 00 00 00 00
I 000000 02 81 20 11 00 0D 00 90 00 A1 3F 00 00 08 70 82 8F 80 E0 7C DF 85
I 000000 04 13 05 01 81 00 01 00
I 000000 02 81 20 36 00 32 00 90 00 A1 21 3B 40 00 00 00 28 58 7F CC 07 7A 00 80 03 00 00 00 00 00 00 00 00 00 00 00 00 00 00 00 00 00 00 00 00 00 00 00 00 00 00 00 00 00 00 00 00 00 00
I 000000 02 81 20 36 00 32 00 90 00 A1 30 3E 40 00 00 00 27 78 7F CE 27 7A 00 00 00 00 00 00 00 00 00 00 00 00 00 00 00 00 00 00 00 00 00 00 00 00 00 00 00 00 00 00 00 00 00 00 00 00 00
# bt_type_update: dev: 0 type: 5 subtype: 0
I 000000 02 81 20 36 00 32 00 90 00 A1 30 41 40 00 00 00 28 68 7F CD 37 7A 00 00 00 00 00 00 00 00 00 00 00 00 00 00 00 00 00 00 00 00 00 00 00 00 00 00 00 00 00 00 00 00 00 00 00 00 00
I 000000 02 81 20 36 00 32 00 90 00 A1 30 44 40 00 00 00 26 78 7F CC 27 7A 00 00 00 00 00 00 00 00 00 00 00 00 00 00 00 00 00 00 00 00 00 00 00 00 00 00 00 00 00 00 00 00 00 00 00 00 00
I 000000 02 81 20 36 00 32 00 90 00 A1 30 47 40 00 00 00 26 68 7F CD 17 7A 00 00 00 00 00 00 00 00 00 00 00 00 00 00 00 00 00 00 00 00 00 00 00 00 00 00 00 00 00 00 00 00 00 00 00 00 00
I 000000 02 81 20 36 00 32 00 90 00 A1 30 4A 40 00 00 00 27 78 7F CD 27 7A 00 00 00 00 00 00 00 00 00 00 00 00 00 00 00 00 00 00 00 00 00 00 00 00 00 00 00 00 00 00 00 00 00 00 00 00 00
I 000000 02 81 20 36 00 32 00 90 00 A1 30 4D 40 00 00 00 27 78 7F CD 17 7A 00 00 00 00 00 00 00 00 00 00 00 00 00 00 00 00 00 00 00 00 00 00 00 00 00 00 00 00 00 00 00 00 00 00 00 00 00
I 000000 02 81 20 36 00 32 00 90 00 A1 30 50 40 00 00 00 26 78 7F CD 27 7A 00 00 00 00 00 00 00 00 00 00 00 00 00 00 00 00 00 00 00 00 00 00 00 00 00 00 00 00 00 00 00 00 00 00 00 00 00
I 000000 02 81 20 36 00 32 00 90 00 A1 30 53 40 00 00 00 26 68 7F CD 37 7A 00 00 00 00 00 00 00 00 00 00 00 00 00 00 00 00 00 00 00 00 00 00 00 00 00 00 00 00 00 00 00 00 00 00 00 00 00
I 000000 02 81 20 36 00 32 00 90 00 A1 30 56 40 00 00 00 26 78 7F CF 17 7A 00 00 00 00 00 00 00 00 00 00 00 00 00 00 00 00 00 00 00 00 00 00 00 00 00 00 00 00 00 00 00 00 00 00 00 00 00
I 000000 02 81 20 36 00 32 00 90 00 A1 30 59 40 00 00 00 27 58 7F CD 27 7A 00 00 00 00 00 00 00 00 00 00 00 00 00 00 00 00 00 00 00 00 00 00 00 00 00 00 00 00 00 00 00 00 00 00 00 00 00
I 000000 02 81 20 36 00 32 00 90 00 A1 30 5C 40 00 00 00 26 78 7F CC 27 7A 00 00 00 00 00 00 00 00 00 00 00 00 00 00 00 00 00 00 00 00 00 00 00 00 00 00 00 00 00 00 00 00 00 00 00 00 00
I 000000 02 81 20 36 00 32 00 90 00 A1 30 5F 40 00 00 00 28 68 7F CD 17 7A 00 00 00 00 00 00 00 00 00 00 00 00 00 00 00 00 00 00 00 00 00 00 00 00 00 00 00 00 00 00 00 00 00 00 00 00 00
I 000000 02 81 20 36 00 32 00 90 00 A1 30 62 40 00 00 00 26 68 7F CC 27 7A 00 00 00 00 00 00 00 00 00 00 00 00 00 00 00 00 00 00 00 00 00 00 00 00 00 00 00 00 00 00 00 00 00 00 00 00 00
I 000000 02 81 20 36 00 32 00 90 00 A1 30 65 40 00 00 00 25 58 7F CD 17 7A 00 00 00 00 00 00 00 00 00 00 00 00 00 00 00 00 00 00 00 00 00 00 00 00 00 00 00 00 00 00 00 00 00 00 00 00 00
I 000000 02 81 20 36 00 32 00 90 00 A1 30 68 40 00 00 00 26 88 7F CD 07 7A 00 00 00 00 00 00 00 00 00 00 00 00 00 00 00 00 00 00 00 00 00 00 00 00 00 00 00 00 00 00 00 00 00 00 00 00 00
I 000000 02 81 20 36 00 32 00 90 00 A1 30 6B 40 00 00 00 25 58 7F CC 17 7A 00 00 00 00 00 00 00 00 00 00 00 00 00 00 00 00 00 00 00 00 00 00 00 00 00 00 00 00 00 00 00 00 00 00 00 00 00
I 000000 02 81 20 36 00 32 00 90 00 A1 30 6E 40 00 00 00 26 88 7F CF 27 7A 00 00 00 00 00 00 00 00 00 00 00 00 00 00 00 00 00 00 00 00 00 00 00 00 00 00 00 00 00 00 00 00 00 00 00 00 00
I 000000 02 81 20 36 00 32 00 90 00 A1 30 71 40 00 00 00 26 78 7F CD 27 7A 00 00 00 00 00 00 00 00 00 00 00 00 00 00 00 00 00 00 00 00 00 00 00 00 00 00 00 00 00 00 00 00 00 00 00 00 00
I 000000 02 81 20 36 00 32 00 90 00 A1 30 74 40 00 00 00 24 68 7F CD 27 7A 00 00 00 00 00 00 00 00 00 00 00 00 00 00 00 00 00 00 00 00 00 00 00 00 00 00 00 00 00 00 00 00 00 00 00 00 00
I 000000 02 81 20 36 00 32 00 90 00 A1 30 77 40 00 00 00 26 68 7F CD 27 7A 00 00 00 00 00 00 00 00 00 00 00 00 00 00 00 00 00 00 00 00 00 00 00 00 00 00 00 00 00 00 00 00 00 00 00 00 00
I 000000 02 81 20 36 00 32 00 90 00 A1 30 7A 40 00 00 00 27 78 7F CE 17 7A 00 00 00 00 00 00 00 00 00 00 00 00 00 00 00 00 00 00 00 00 00 00 00 00 00 00 00 00 00 00 00 00 00 00 00 00 00
I 000000 02 81 20 36 00 32 00 90 00 A1 30 7D 40 00 00 00 27 68 7F CE 27 7A 00 00 00 00 00 00 00 00 00 00 00 00 00 00 00 00 00 00 00 00 00 00 00 00 00 00 00 00 00 00 00 00 00 00 00 00 00
I 000000 02 81 20 36 00 32 00 90 00 A1 30 80 40 00 00 00 26 78 7F CD 17 7A 00 00 00 00 00 00 00 00 00 00 00 00 00 00 00 00 00 00 00 00 00 00 00 00 00 00 00 00 00 00 00 00 00 00 00 00 00
I 000000 02 81 20 36 00 32 00 90 00 A1 30 83 40 00 00 00 25 68 7F CD 17 7A 00 00 00 00 00 00 00 00 00 00 00 00 00 00 00 00 00 00 00 00 00 00 00 00 00 00 00 00 00 00 00 00 00 00 00 00 00
I 000000 02 81 20 36 00 32 00 90 00 A1 30 86 40 00 00 00 25 78 7F CD 17 7A 00 00 00 00 00 00 00 00 00 00 00 00 00 00 00 00 00 00 00 00 00 00 00 00 00 00 00 00 00 00 00 00 00 00 00 00 00
I 000000 02 81 20 36 00 32 00 90 00 A1 30 89 40 00 00 00 26 78 7F CD 17 7A 00 00 00 00 00 00 00 00 00 00 00 00 00 00 00 00 00 00 00 00 00 00 00 00 00 00 00 00 00 00 00 00 00 00 00 00 00
I 000000 02 81 20 36 00 32 00 90 00 A1 30 8C 40 00 00 00 27 78 7F CD 27 7A 00 00 00 00 00 00 00 00 00 00 00 00 00 00 00 00 00 00 00 00 00 00 00 00 00 00 00 00 00 00 00 00 00 00 00 00 00
I 000000 02 81 20 36 00 32 00 90 00 A1 30 8F 40 00 00 00 26 58 7F CD 17 7A 00 00 00 00 00 00 00 00 00 00 00 00 00 00 00 00 00 00 00 00 00 00 00 00 00 00 00 00 00 00 00 00 00 00 00 00 00
I 000000 02 81 20 36 00 32 00 90 00 A1 30 92 40 00 00 00 26 78 7F CD 27 7A 00 00 00 00 00 00 00 00 00 00 00 00 00 00 00 00 00 00 00 00 00 00 00 00 00 00 00 00 00 00 00 00 00 00 00 00 00
I 000000 02 81 20 36 00 32 00 90 00 A1 30 95 40 00 00 00 26 78 7F CE 37 7A 00 00 00 00 00 00 00 00 00 00 00 00 00 00 00 00 00 00 00 00 00 00 00 00 00 00 00 00 00 00 00 00 00 00 00 00 00
I 000000 02 81 20 36 00 32 00 90 00 A1 30 98 40 00 00 00 26 78 7F CD 27 7A 00 00 00 00 00 00 00 00 00 00 00 00 00 00 00 00 00 00 00 00 00 00 00 00 00 00 00 00 00 00 00 00 00 00 00 00 00
I 000000 02 81 20 36 00 32 00 90 00 A1 30 9B 40 00 00 00 27 78 7F CD 17 7A 00 00 00 00 00 00 00 00 00 00 00 00 00 00 00 00 00 00 00 00 00 00 00 00 00 00 00 00 00 00 00 00 00 00 00 00 00
I 000000 02 81 20 36 00 32 00 90 00 A1 30 9E 40 00 00 00 25 88 7F CE 17 7A 00 00 00 00 00 00 00 00 00 00 00 00 00 00 00 00 00 00 00 00 00 00 00 00 00 00 00 00 00 00 00 00 00 00 00 00 00
I 000000 02 81 20 36 00 32 00 90 00 A1 30 A1 40 00 00 00 27 68 7F CD F7 79 00 00 00 00 00 00 00 00 00 00 00 00 00 00 00 00 00 00 00 00 00 00 00 00 00 00 00 00 00 00 00 00 00 00 00 00 00
I 000000 02 81 20 36 00 32 00 90 00 A1 30 A4 40 00 00 00 26 78 7F CD 27 7A 00 00 00 00 00 00 00 00 00 00 00 00 00 00 00 00 00 00 00 00 00 00 00 00 00 00 00 00 00 00 00 00 00 00 00 00 00
I 000000 02 81 20 36 00 32 00 90 00 A1 30 A7 40 00 00 00 26 78 7F CD 07 7A 00 00 00 00 00 00 00 00 00 00 00 00 00 00 00 00 00 00 00 00 00 00 00 00 00 00 00 00 00 00 00 00 00 00 00 00 00
I 000000 02 81 20 36 00 32 00 90 00 A1 30 AA 40 00 00 00 25 68 7F CD 17 7A 00 00 00 00 00 00 00 00 00 00 00 00 00 00 00 00 00 00 00 00 00 00 00 00 00 00 00 00 00 00 00 00 00 00 00 00 00
I 000000 02 81 20 36 00 32 00 90 00 A1 30 AD 40 00 00 00 26 78 7F CD 17 7A 00 00 00 00 00 00 00 00 00 00 00 00 00 00 00 00 00 00 00 00 00 00 00 00 00 00 00 00 00 00 00 00 00 00 00 00 00
I 000000 02 81 20 36 00 32 00 90 00 A1 30 B0 40 00 00 00 25 78 7F CD 17 7A 00 00 00 00 00 00 00 00 00 00 00 00 00 00 00 00 00 00 00 00 00 00 00 00 00 00 00 00 00 00 00 00 00 00 00 00 00
I 000000 02 81 20 36 00 32 00 90 00 A1 30 B3 40 00 00 00 26 68 7F CD 07 7A 00 00 00 00 00 00 00 00 00 00 00 00 00 00 00 00 00 00 00 00 00 00 00 00 00 00 00 00 00 00 00 00 00 00 00 00 00
I 000000 02 81 20 36 00 32 00 90 00 A1 30 B6 40 00 00 00 26 68 7F CD 17 7A 00 00 00 00 00 00 00 00 00 00 00 00 00 00 00 00 00 00 00 00 00 00 00 00 00 00 00 00 00 00 00 00 00 00 00 00 00
I 000000 02 81 20 36 00 32 00 90 00 A1 30 B9 40 00 00 00 26 78 7F CD 07 7A 00 00 00 00 00 00 00 00 00 00 00 00 00 00 00 00 00 00 00 00 00 00 00 00 00 00 00 00 00 00 00 00 00 00 00 00 00
I 000000 02 81 20 36 00 32 00 90 00 A1 30 BC 40 00 00 00 25 78 7F CD 27 7A 00 00 00 00 00 00 00 00 00 00 00 00 00 00 00 00 00 00 00 00 00 00 00 00 00 00 00 00 00 00 00 00 00 00 00 00 00
I 000000 02 81 20 36 00 32 00 90 00 A1 30 BF 40 00 00 00 26 68 7F CD 17 7A 00 00 00 00 00 00 00 00 00 00 00 00 00 00 00 00 00 00 00 00 00 00 00 00 00 00 00 00 00 00 00 00 00 00 00 00 00
I 000000 02 81 20 36 00 32 00 90 00 A1 30 C2 40 00 00 00 26 68 7F CE 27 7A 00 00 00 00 00 00 00 00 00 00 00 00 00 00 00 00 00 00 00 00 00 00 00 00 00 00 00 00 00 00 00 00 00 00 00 00 00
I 000000 02 81 20 36 00 32 00 90 00 A1 30 C5 40 00 00 00 26 88 7F CE 27 7A 00 00 00 00 00 00 00 00 00 00 00 00 00 00 00 00 00 00 00 00 00 00 00 00 00 00 00 00 00 00 00 00 00 00 00 00 00
I 000000 02 81 20 36 00 32 00 90 00 A1 30 C8 40 00 00 00 26 78 7F CD 17 7A 00 00 00 00 00 00 00 00 00 00 00 00 00 00 00 00 00 00 00 00 00 00 00 00 00 00 00 00 00 00 00 00 00 00 00 00 00
I 000000 02 81 20 36 00 32 00 90 00 A1 30 CB 40 00 00 00 27 88 7F CD 17 7A 00 00 00 00 00 00 00 00 00 00 00 00 00 00 00 00 00 00 00 00 00 00 00 00 00 00 00 00 00 00 00 00 00 00 00 00 00
I 000000 02 81 20 36 00 32 00 90 00 A1 30 CE 40 00 00 00 27 78 7F CD 27 7A 00 00 00 00 00 00 00 00 00 00 00 00 00 00 00 00 00 00 00 00 00 00 00 00 00 00 00 00 00 00 00 00 00 00 00 00 00
I 000000 02 81 20 36 00 32 00 90 00 A1 30 D1 40 00 00 00 26 78 7F CE 27 7A 00 00 00 00 00 00 00 00 00 00 00 00 00 00 00 00 00 00 00 00 00 00 00 00 00 00 00 00 00 00 00 00 00 00 00 00 00
I 000000 02 81 20 36 00 32 00 90 00 A1 30 D4 40 00 00 00 28 68 7F CF 27 7A 00 00 00 00 00 00 00 00 00 00 00 00 00 00 00 00 00 00 00 00 00 00 00 00 00 00 00 00 00 00 00 00 00 00 00 00 00
I 000000 02 81 20 36 00 32 00 90 00 A1 30 D7 40 00 00 00 29 68 7F CD 17 7A 00 00 00 00 00 00 00 00 00 00 00 00 00 00 00 00 00 00 00 00 00 00 00 00 00 00 00 00 00 00 00 00 00 00 00 00 00
I 000000 02 81 20 36 00 32 00 90 00 A1 30 DA 40 00 00 00 26 78 7F CD 17 7A 00 00 00 00 00 00 00 00 00 00 00 00 00 00 00 00 00 00 00 00 00 00 00 00 00 00 00 00 00 00 00 00 00 00 00 00 00
I 000000 02 81 20 36 00 32 00 90 00 A1 30 DD 40 00 00 00 28 78 7F CD 07 7A 00 00 00 00 00 00 00 00 00 00 00 00 00 00 00 00 00 00 00 00 00 00 00 00 00 00 00 00 00 00 00 00 00 00 00 00 00
I 000000 02 81 20 36 00 32 00 90 00 A1 30 E0 40 00 00 00 29 68 7F CD 07 7A 00 00 00 00 00 00 00 00 00 00 00 00 00 00 00 00 00 00 00 00 00 00 00 00 00 00 00 00 00 00 00 00 00 00 00 00 00
I 000000 02 81 20 36 00 32 00 90 00 A1 30 E3 40 00 00 00 29 78 7F CE 07 7A 00 00 00 00 00 00 00 00 00 00 00 00 00 00 00 00 00 00 00 00 00 00 00 00 00 00 00 00 00 00 00 00 00 00 00 00 00
I 000000 02 81 20 36 00 32 00 90 00 A1 30 E6 40 00 00 00 27 68 7F CE 27 7A 00 00 00 00 00 00 00 00 00 00 00 00 00 00 00 00 00 00 00 00 00 00 00 00 00 00 00 00 00 00 00 00 00 00 00 00 00
I 000000 02 81 20 36 00 32 00 90 00 A1 30 E9 40 00 00 00 28 68 7F CD 17 7A 00 00 00 00 00 00 00 00 00 00 00 00 00 00 00 00 00 00 00 00 00 00 00 00 00 00 00 00 00 00 00 00 00 00 00 00 00
I 000000 02 81 20 36 00 32 00 90 00 A1 30 EC 40 00 00 00 27 58 7F CC 27 7A 00 00 00 00 00 00 00 00 00 00 00 00 00 00 00 00 00 00 00 00 00 00 00 00 00 00 00 00 00 00 00 00 00 00 00 00 00
I 000000 02 81 20 36 00 32 00 90 00 A1 30 EF 40 00 00 00 26 68 7F CD 17 7A 00 00 00 00 00 00 00 00 00 00 00 00 00 00 00 00 00 00 00 00 00 00 00 00 00 00 00 00 00 00 00 00 00 00 00 00 00
I 000000 02 81 20 36 00 32 00 90 00 A1 30 F2 40 00 00 00 26 68 7F CD 27 7A 00 00 00 00 00 00 00 00 00 00 00 00 00 00 00 00 00 00 00 00 00 00 00 00 00 00 00 00 00 00 00 00 00 00 00 00 00
I 000000 02 81 20 36 00 32 00 90 00 A1 30 F5 40 00 00 00 26 78 7F CD 17 7A 00 00 00 00 00 00 00 00 00 00 00 00 00 00 00 00 00 00 00 00 00 00 00 00 00 00 00 00 00 00 00 00 00 00 00 00 00
I 000000 02 81 20 36 00 32 00 90 00 A1 30 F8 40 00 00 00 26 68 7F CE 17 7A 00 00 00 00 00 00 00 00 00 00 00 00 00 00 00 00 00 00 00 00 00 00 00 00 00 00 00 00 00 00 00 00 00 00 00 00 00
I 000000 02 81 20 36 00 32 00 90 00 A1 30 FB 40 00 00 00 26 88 7F CE 17 7A 00 00 00 00 00 00 00 00 00 00 00 00 00 00 00 00 00 00 00 00 00 00 00 00 00 00 00 00 00 00 00 00 00 00 00 00 00
I 000000 02 81 20 36 00 32 00 90 00 A1 30 FE 40 00 00 00 26 68 7F CE 27 7A 00 00 00 00 00 00 00 00 00 00 00 00 00 00 00 00 00 00 00 00 00 00 00 00 00 00 00 00 00 00 00 00 00 00 00 00 00
I 000000 02 81 20 36 00 32 00 90 00 A1 30 01 40 00 00 00 26 78 7F CE 37 7A 00 00 00 00 00 00 00 00 00 00 00 00 00 00 00 00 00 00 00 00 00 00 00 00 00 00 00 00 00 00 00 00 00 00 00 00 00
I 000000 02 81 20 36 00 32 00 90 00 A1 30 04 40 00 00 00 26 68 7F CD 17 7A 00 00 00 00 00 00 00 00 00 00 00 00 00 00 00 00 00 00 00 00 00 00 00 00 00 00 00 00 00 00 00 00 00 00 00 00 00
I 000000 02 81 20 36 00 32 00 90 00 A1 30 07 40 00 00 00 26 78 7F CD 37 7A 00 00 00 00 00 00 00 00 00 00 00 00 00 00 00 00 00 00 00 00 00 00 00 00 00 00 00 00 00 00 00 00 00 00 00 00 00
I 000000 02 81 20 36 00 32 00 90 00 A1 30 0A 40 00 00 00 25 78 7F CE 17 7A 00 00 00 00 00 00 00 00 00 00 00 00 00 00 00 00 00 00 00 00 00 00 00 00 00 00 00 00 00 00 00 00 00 00 00 00 00
I 000000 02 81 20 36 00 32 00 90 00 A1 30 0D 40 00 00 00 27 68 7F CE 27 7A 00 00 00 00 00 00 00 00 00 00 00 00 00 00 00 00 00 00 00 00 00 00 00 00 00 00 00 00 00 00 00 00 00 00 00 00 00
I 000000 02 81 20 36 00 32 00 90 00 A1 30 10 40 00 00 00 26 68 7F CC 27 7A 00 00 00 00 00 00 00 00 00 00 00 00 00 00 00 00 00 00 00 00 00 00 00 00 00 00 00 00 00 00 00 00 00 00 00 00 00
I 000000 02 81 20 36 00 32 00 90 00 A1 30 13 40 00 00 00 26 78 7F CC 27 7A 00 00 00 00 00 00 00 00 00 00 00 00 00 00 00 00 00 00 00 00 00 00 00 00 00 00 00 00 00 00 00 00 00 00 00 00 00
I 000000 02 81 20 36 00 32 00 90 00 A1 30 16 40 00 00 00 26 88 7F CD 17 7A 00 00 00 00 00 00 00 00 00 00 00 00 00 00 00 00 00 00 00 00 00 00 00 00 00 00 00 00 00 00 00 00 00 00 00 00 00
I 000000 02 81 20 36 00 32 00 90 00 A1 30 19 40 00 00 00 28 68 7F CC 27 7A 00 00 00 00 00 00 00 00 00 00 00 00 00 00 00 00 00 00 00 00 00 00 00 00 00 00 00 00 00 00 00 00 00 00 00 00 00
I 000000 02 81 20 36 00 32 00 90 00 A1 30 1C 40 00 00 00 26 68 7F CD 27 7A 00 00 00 00 00 00 00 00 00 00 00 00 00 00 00 00 00 00 00 00 00 00 00 00 00 00 00 00 00 00 00 00 00 00 00 00 00
I 000000 02 81 20 36 00 32 00 90 00 A1 30 1F 40 00 00 00 24 78 7F CD 27 7A 00 00 00 00 00 00 00 00 00 00 00 00 00 00 00 00 00 00 00 00 00 00 00 00 00 00 00 00 00 00 00 00 00 00 00 00 00
I 000000 02 81 20 36 00 32 00 90 00 A1 30 22 40 00 00 00 26 68 7F CD 27 7A 00 00 00 00 00 00 00 00 00 00 00 00 00 00 00 00 00 00 00 00 00 00 00 00 00 00 00 00 00 00 00 00 00 00 00 00 00
I 000000 02 81 20 36 00 32 00 90 00 A1 30 25 40 00 00 00 29 78 7F CE 17 7A 00 00 00 00 00 00 00 00 00 00 00 00 00 00 00 00 00 00 00 00 00 00 00 00 00 00 00 00 00 00 00 00 00 00 00 00 00
I 000000 02 81 20 36 00 32 00 90 00 A1 30 28 40 00 00 00 26 78 7F CC 27 7A 00 00 00 00 00 00 00 00 00 00 00 00 00 00 00 00 00 00 00 00 00 00 00 00 00 00 00 00 00 00 00 00 00 00 00 00 00
I 000000 02 81 20 36 00 32 00 90 00 A1 30 2B 40 00 00 00 25 78 7F CD 27 7A 00 00 00 00 00 00 00 00 00 00 00 00 00 00 00 00 00 00 00 00 00 00 00 00 00 00 00 00 00 00 00 00 00 00 00 00 00
I 000000 02 81 20 36 00 32 00 90 00 A1 30 2E 40 00 00 00 26 68 7F CD 37 7A 00 00 00 00 00 00 00 00 00 00 00 00 00 00 00 00 00 00 00 00 00 00 00 00 00 00 00 00 00 00 00 00 00 00 00 00 00
I 000000 02 81 20 36 00 32 00 90 00 A1 30 31 40 00 00 00 25 78 7F CD 17 7A 00 00 00 00 00 00 00 00 00 00 00 00 00 00 00 00 00 00 00 00 00 00 00 00 00 00 00 00 00 00 00 00 00 00 00 00 00
I 000000 02 81 20 36 00 32 00 90 00 A1 30 34 40 00 00 00 27 78 7F CD 07 7A 00 00 00 00 00 00 00 00 00 00 00 00 00 00 00 00 00 00 00 00 00 00 00 00 00 00 00 00 00 00 00 00 00 00 00 00 00
I 000000 02 81 20 36 00 32 00 90 00 A1 30 37 40 00 00 00 26 78 7F CE 27 7A 00 00 00 00 00 00 00 00 00 00 00 00 00 00 00 00 00 00 00 00 00 00 00 00 00 00 00 00 00 00 00 00 00 00 00 00 00
I 000000 02 81 20 36 00 32 00 90 00 A1 30 3A 40 00 00 00 27 68 7F CE 17 7A 00 00 00 00 00 00 00 00 00 00 00 00 00 00 00 00 00 00 00 00 00 00 00 00 00 00 00 00 00 00 00 00 00 00 00 00 00
I 000000 02 81 20 36 00 32 00 90 00 A1 30 3D 40 00 00 00 25 68 7F CD 07 7A 00 00 00 00 00 00 00 00 00 00 00 00 00 00 00 00 00 00 00 00 00 00 00 00 00 00 00 00 00 00 00 00 00 00 00 00 00
I 000000 02 81 20 36 00 32 00 90 00 A1 30 40 40 00 00 00 25 68 7F CD 17 7A 00 00 00 00 00 00 00 00 00 00 00 00 00 00 00 00 00 00 00 00 00 00 00 00 00 00 00 00 00 00 00 00 00 00 00 00 00
I 000000 02 81 20 36 00 32 00 90 00 A1 30 43 40 00 00 00 25 88 7F CD 37 7A 00 00 00 00 00 00 00 00 00 00 00 00 00 00 00 00 00 00 00 00 00 00 00 00 00 00 00 00 00 00 00 00 00 00 00 00 00
I 000000 02 81 20 36 00 32 00 90 00 A1 30 46 40 00 00 00 25 78 7F CD 27 7A 00 00 00 00 00 00 00 00 00 00 00 00 00 00 00 00 00 00 00 00 00 00 00 00 00 00 00 00 00 00 00 00 00 00 00 00 00
I 000000 02 81 20 36 00 32 00 90 00 A1 30 49 40 00 00 00 25 58 7F CE 17 7A 00 00 00 00 00 00 00 00 00 00 00 00 00 00 00 00 00 00 00 00 00 00 00 00 00 00 00 00 00 00 00 00 00 00 00 00 00
I 000000 02 81 20 36 00 32 00 90 00 A1 30 4C 40 00 00 00 26 68 7F CC 17 7A 00 00 00 00 00 00 00 00 00 00 00 00 00 00 00 00 00 00 00 00 00 00 00 00 00 00 00 00 00 00 00 00 00 00 00 00 00
I 000000 02 81 20 36 00 32 00 90 00 A1 30 4F 40 00 00 00 26 88 7F CD 47 7A 00 00 00 00 00 00 00 00 00 00 00 00 00 00 00 00 00 00 00 00 00 00 00 00 00 00 00 00 00 00 00 00 00 00 00 00 00
I 000000 02 81 20 36 00 32 00 90 00 A1 30 52 40 00 00 00 26 68 7F CD 17 7A 00 00 00 00 00 00 00 00 00 00 00 00 00 00 00 00 00 00 00 00 00 00 00 00 00 00 00 00 00 00 00 00 00 00 00 00 00
I 000000 02 81 20 36 00 32 00 90 00 A1 30 55 40 00 00 00 26 68 7F CC 37 7A 00 00 00 00 00 00 00 00 00 00 00 00 00 00 00 00 00 00 00 00 00 00 00 00 00 00 00 00 00 00 00 00 00 00 00 00 00
I 000000 02 81 20 36 00 32 00 90 00 A1 30 58 40 00 00 00 25 78 7F CD 07 7A 00 00 00 00 00 00 00 00 00 00 00 00 00 00 00 00 00 00 00 00 00 00 00 00 00 00 00 00 00 00 00 00 00 00 00 00 00
I 000000 02 81 20 36 00 32 00 90 00 A1 30 5B 40 00 00 00 27 88 7F CD 17 7A 00 00 00 00 00 00 00 00 00 00 00 00 00 00 00 00 00 00 00 00 00 00 00 00 00 00 00 00 00 00 00 00 00 00 00 00 00
I 000000 02 81 20 36 00 32 00 90 00 A1 30 5E 40 00 00 00 27 68 7F CD 27 7A 00 00 00 00 00 00 00 00 00 00 00 00 00 00 00 00 00 00 00 00 00 00 00 00 00 00 00 00 00 00 00 00 00 00 00 00 00
I 000000 02 81 20 36 00 32 00 90 00 A1 30 61 40 00 00 00 28 68 7F CD 27 7A 00 00 00 00 00 00 00 00 00 00 00 00 00 00 00 00 00 00 00 00 00 00 00 00 00 00 00 00 00 00 00 00 00 00 00 00 00
I 000000 02 81 20 36 00 32 00 90 00 A1 30 64 40 00 00 00 26 68 7F CE 07 7A 00 00 00 00 00 00 00 00 00 00 00 00 00 00 00 00 00 00 00 00 00 00 00 00 00 00 00 00 00 00 00 00 00 00 00 00 00
I 000000 02 81 20 36 00 32 00 90 00 A1 30 67 40 00 00 00 25 88 7F CD 27 7A 00 00 00 00 00 00 00 00 00 00 00 00 00 00 00 00 00 00 00 00 00 00 00 00 00 00 00 00 00 00 00 00 00 00 00 00 00
I 000000 02 81 20 36 00 32 00 90 00 A1 30 6A 40 00 00 00 28 78 7F CE 17 7A 00 00 00 00 00 00 00 00 00 00 00 00 00 00 00 00 00 00 00 00 00 00 00 00 00 00 00 00 00 00 00 00 00 00 00 00 00
I 000000 02 81 20 36 00 32 00 90 00 A1 30 6D 40 00 00 00 25 68 7F CD 17 7A 00 00 00 00 00 00 00 00 00 00 00 00 00 00 00 00 00 00 00 00 00 00 00 00 00 00 00 00 00 00 00 00 00 00 00 00 00
I 000000 02 81 20 36 00 32 00 90 00 A1 30 70 40 00 00 00 28 78 7F CC 07 7A 00 00 00 00 00 00 00 00 00 00 00 00 00 00 00 00 00 00 00 00 00 00 00 00 00 00 00 00 00 00 00 00 00 00 00 00 00
I 000000 02 81 20 36 00 32 00 90 00 A1 30 73 40 00 00 00 27 88 7F CD 27 7A 00 00 00 00 00 00 00 00 00 00 00 00 00 00 00 00 00 00 00 00 00 00 00 00 00 00 00 00 00 00 00 00 00 00 00 00 00
I 000000 02 81 20 36 00 32 00 90 00 A1 30 76 40 00 00 00 27 78 7F CD F7 79 00 00 00 00 00 00 00 00 00 00 00 00 00 00 00 00 00 00 00 00 00 00 00 00 00 00 00 00 00 00 00 00 00 00 00 00 00
I 000000 02 81 20 36 00 32 00 90 00 A1 30 79 40 00 00 00 27 78 7F CE 27 7A 00 00 00 00 00 00 00 00 00 00 00 00 00 00 00 00 00 00 00 00 00 00 00 00 00 00 00 00 00 00 00 00 00 00 00 00 00
I 000000 02 81 20 36 00 32 00 90 00 A1 30 7C 40 00 00 00 26 78 7F CD 17 7A 00 00 00 00 00 00 00 00 00 00 00 00 00 00 00 00 00 00 00 00 00 00 00 00 00 00 00 00 00 00 00 00 00 00 00 00 00
I 000000 02 81 20 36 00 32 00 90 00 A1 30 7F 40 00 00 00 26 88 7F CD 37 7A 00 00 00 00 00 00 00 00 00 00 00 00 00 00 00 00 00 00 00 00 00 00 00 00 00 00 00 00 00 00 00 00 00 00 00 00 00
I 000000 02 81 20 36 00 32 00 90 00 A1 30 82 40 00 00 00 27 78 7F CD 17 7A 00 00 00 00 00 00 00 00 00 00 00 00 00 00 00 00 00 00 00 00 00 00 00 00 00 00 00 00 00 00 00 00 00 00 00 00 00
I 000000 02 81 20 36 00 32 00 90 00 A1 30 85 40 00 00 00 26 68 7F CE 27 7A 00 00 00 00 00 00 00 00 00 00 00 00 00 00 00 00 00 00 00 00 00 00 00 00 00 00 00 00 00 00 00 00 00 00 00 00 00
I 000000 02 81 20 36 00 32 00 90 00 A1 30 88 40 00 00 00 26 78 7F CD 17 7A 00 00 00 00 00 00 00 00 00 00 00 00 00 00 00 00 00 00 00 00 00 00 00 00 00 00 00 00 00 00 00 00 00 00 00 00 00
I 000000 02 81 20 36 00 32 00 90 00 A1 30 8B 40 00 00 00 26 78 7F CC 37 7A 00 00 00 00 00 00 00 00 00 00 00 00 00 00 00 00 00 00 00 00 00 00 00 00 00 00 00 00 00 00 00 00 00 00 00 00 00
I 000000 02 81 20 36 00 32 00 90 00 A1 30 8E 40 00 00 00 26 78 7F CD 17 7A 00 00 00 00 00 00 00 00 00 00 00 00 00 00 00 00 00 00 00 00 00 00 00 00 00 00 00 00 00 00 00 00 00 00 00 00 00
I 000000 02 81 20 36 00 32 00 90 00 A1 30 91 40 00 00 00 26 78 7F CD 37 7A 00 00 00 00 00 00 00 00 00 00 00 00 00 00 00 00 00 00 00 00 00 00 00 00 00 00 00 00 00 00 00 00 00 00 00 00 00
I 000000 02 81 20 36 00 32 00 90 00 A1 30 94 40 00 00 00 26 78 7F CC 17 7A 00 00 00 00 00 00 00 00 00 00 00 00 00 00 00 00 00 00 00 00 00 00 00 00 00 00 00 00 00 00 00 00 00 00 00 00 00
I 000000 02 81 20 36 00 32 00 90 00 A1 30 97 40 00 00 00 28 68 7F CE 17 7A 00 00 00 00 00 00 00 00 00 00 00 00 00 00 00 00 00 00 00 00 00 00 00 00 00 00 00 00 00 00 00 00 00 00 00 00 00
I 000000 02 81 20 36 00 32 00 90 00 A1 30 9A 40 00 00 00 28 68 7F CD 17 7A 00 00 00 00 00 00 00 00 00 00 00 00 00 00 00 00 00 00 00 00 00 00 00 00 00 00 00 00 00 00 00 00 00 00 00 00 00
I 000000 02 81 20 36 00 32 00 90 00 A1 30 9D 40 00 00 00 26 78 7F CC 27 7A 00 00 00 00 00 00 00 00 00 00 00 00 00 00 00 00 00 00 00 00 00 00 00 00 00 00 00 00 00 00 00 00 00 00 00 00 00
I 000000 02 81 20 36 00 32 00 90 00 A1 30 A0 40 00 00 00 25 78 7F CD 27 7A 00 00 00 00 00 00 00 00 00 00 00 00 00 00 00 00 00 00 00 00 00 00 00 00 00 00 00 00 00 00 00 00 00 00 00 00 00
I 000000 02 81 20 36 00 32 00 90 00 A1 30 A3 40 00 00 00 26 78 7F CD 27 7A 00 00 00 00 00 00 00 00 00 00 00 00 00 00 00 00 00 00 00 00 00 00 00 00 00 00 00 00 00 00 00 00 00 00 00 00 00
I 000000 02 81 20 36 00 32 00 90 00 A1 30 A6 40 00 00 00 26 88 7F CD 17 7A 00 00 00 00 00 00 00 00 00 00 00 00 00 00 00 00 00 00 00 00 00 00 00 00 00 00 00 00 00 00 00 00 00 00 00 00 00
I 000000 02 81 20 36 00 32 00 90 00 A1 30 A9 40 00 00 00 27 68 7F CD 17 7A 00 00 00 00 00 00 00 00 00 00 00 00 00 00 00 00 00 00 00 00 00 00 00 00 00 00 00 00 00 00 00 00 00 00 00 00 00
I 000000 02 81 20 36 00 32 00 90 00 A1 30 AC 40 00 00 00 26 78 7F CD 17 7A 00 00 00 00 00 00 00 00 00 00 00 00 00 00 00 00 00 00 00 00 00 00 00 00 00 00 00 00 00 00 00 00 00 00 00 00 00
I 000000 02 81 20 36 00 32 00 90 00 A1 30 AF 40 00 00 00 27 78 7F CD 07 7A 00 00 00 00 00 00 00 00 00 00 00 00 00 00 00 00 00 00 00 00 00 00 00 00 00 00 00 00 00 00 00 00 00 00 00 00 00
I 000000 02 81 20 36 00 32 00 90 00 A1 30 B2 40 00 00 00 25 78 7F CD 17 7A 00 00 00 00 00 00 00 00 00 00 00 00 00 00 00 00 00 00 00 00 00 00 00 00 00 00 00 00 00 00 00 00 00 00 00 00 00
I 000000 02 81 20 36 00 32 00 90 00 A1 30 B5 40 00 00 00 27 68 7F CD 17 7A 00 00 00 00 00 00 00 00 00 00 00 00 00 00 00 00 00 00 00 00 00 00 00 00 00 00 00 00 00 00 00 00 00 00 00 00 00
I 000000 02 81 20 36 00 32 00 90 00 A1 30 B8 40 00 00 00 26 78 7F CF 07 7A 00 00 00 00 00 00 00 00 00 00 00 00 00 00 00 00 00 00 00 00 00 00 00 00 00 00 00 00 00 00 00 00 00 00 00 00 00
I 000000 02 81 20 36 00 32 00 90 00 A1 30 BB 40 00 00 00 26 58 7F CD 27 7A 00 00 00 00 00 00 00 00 00 00 00 00 00 00 00 00 00 00 00 00 00 00 00 00 00 00 00 00 00 00 00 00 00 00 00 00 00
I 000000 02 81 20 36 00 32 00 90 00 A1 30 BE 40 00 00 00 28 78 7F CD 07 7A 00 00 00 00 00 00 00 00 00 00 00 00 00 00 00 00 00 00 00 00 00 00 00 00 00 00 00 00 00 00 00 00 00 00 00 00 00
I 000000 02 81 20 36 00 32 00 90 00 A1 30 C1 40 00 00 00 26 68 7F CE 07 7A 00 00 00 00 00 00 00 00 00 00 00 00 00 00 00 00 00 00 00 00 00 00 00 00 00 00 00 00 00 00 00 00 00 00 00 00 00
I 000000 02 81 20 36 00 32 00 90 00 A1 30 C4 40 00 00 00 28 78 7F CD 07 7A 00 00 00 00 00 00 00 00 00 00 00 00 00 00 00 00 00 00 00 00 00 00 00 00 00 00 00 00 00 00 00 00 00 00 00 00 00
I 000000 02 81 20 36 00 32 00 90 00 A1 30 C7 40 00 00 00 28 68 7F CC 27 7A 00 00 00 00 00 00 00 00 00 00 00 00 00 00 00 00 00 00 00 00 00 00 00 00 00 00 00 00 00 00 00 00 00 00 00 00 00
I 000000 02 81 20 36 00 32 00 90 00 A1 30 CA 40 00 00 00 28 78 7F CD 17 7A 00 00 00 00 00 00 00 00 00 00 00 00 00 00 00 00 00 00 00 00 00 00 00 00 00 00 00 00 00 00 00 00 00 00 00 00 00
I 000000 02 81 20 36 00 32 00 90 00 A1 30 CD 40 00 00 00 26 68 7F CE 17 7A 00 00 00 00 00 00 00 00 00 00 00 00 00 00 00 00 00 00 00 00 00 00 00 00 00 00 00 00 00 00 00 00 00 00 00 00 00
I 000000 02 81 20 36 00 32 00 90 00 A1 30 D0 40 00 00 00 27 78 7F CD 27 7A 00 00 00 00 00 00 00 00 00 00 00 00 00 00 00 00 00 00 00 00 00 00 00 00 00 00 00 00 00 00 00 00 00 00 00 00 00
I 000000 02 81 20 36 00 32 00 90 00 A1 30 D3 40 00 00 00 27 58 7F CC 27 7A 00 00 00 00 00 00 00 00 00 00 00 00 00 00 00 00 00 00 00 00 00 00 00 00 00 00 00 00 00 00 00 00 00 00 00 00 00
I 000000 02 81 20 36 00 32 00 90 00 A1 30 D6 40 00 00 00 26 68 7F CE 27 7A 00 00 00 00 00 00 00 00 00 00 00 00 00 00 00 00 00 00 00 00 00 00 00 00 00 00 00 00 00 00 00 00 00 00 00 00 00
I 000000 02 81 20 36 00 32 00 90 00 A1 30 D9 40 00 00 00 27 68 7F CD 27 7A 00 00 00 00 00 00 00 00 00 00 00 00 00 00 00 00 00 00 00 00 00 00 00 00 00 00 00 00 00 00 00 00 00 00 00 00 00
I 000000 02 81 20 36 00 32 00 90 00 A1 30 DC 40 00 00 00 28 78 7F CE 27 7A 00 00 00 00 00 00 00 00 00 00 00 00 00 00 00 00 00 00 00 00 00 00 00 00 00 00 00 00 00 00 00 00 00 00 00 00 00
I 000000 02 81 20 36 00 32 00 90 00 A1 30 DF 40 00 00 00 27 58 7F CD 17 7A 00 00 00 00 00 00 00 00 00 00 00 00 00 00 00 00 00 00 00 00 00 00 00 00 00 00 00 00 00 00 00 00 00 00 00 00 00
I 000000 02 81 20 36 00 32 00 90 00 A1 30 E2 40 00 00 00 28 78 7F CE 07 7A 00 00 00 00 00 00 00 00 00 00 00 00 00 00 00 00 00 00 00 00 00 00 00 00 00 00 00 00 00 00 00 00 00 00 00 00 00
I 000000 02 81 20 36 00 32 00 90 00 A1 30 E5 40 00 00 00 27 68 7F CE 27 7A 00 00 00 00 00 00 00 00 00 00 00 00 00 00 00 00 00 00 00 00 00 00 00 00 00 00 00 00 00 00 00 00 00 00 00 00 00
I 000000 02 81 20 36 00 32 00 90 00 A1 30 E8 40 00 00 00 25 68 7F CD 17 7A 00 00 00 00 00 00 00 00 00 00 00 00 00 00 00 00 00 00 00 00 00 00 00 00 00 00 00 00 00 00 00 00 00 00 00 00 00
I 000000 02 81 20 36 00 32 00 90 00 A1 30 EB 40 00 00 00 27 58 7F CD 27 7A 00 00 00 00 00 00 00 00 00 00 00 00 00 00 00 00 00 00 00 00 00 00 00 00 00 00 00 00 00 00 00 00 00 00 00 00 00
I 000000 02 81 20 36 00 32 00 90 00 A1 30 EE 40 00 00 00 26 68 7F CD 27 7A 00 00 00 00 00 00 00 00 00 00 00 00 00 00 00 00 00 00 00 00 00 00 00 00 00 00 00 00 00 00 00 00 00 00 00 00 00
I 000000 02 81 20 36 00 32 00 90 00 A1 30 F1 40 00 00 00 27 68 7F CD 17 7A 00 00 00 00 00 00 00 00 00 00 00 00 00 00 00 00 00 00 00 00 00 00 00 00 00 00 00 00 00 00 00 00 00 00 00 00 00
I 000000 02 81 20 36 00 32 00 90 00 A1 30 F4 40 00 00 00 27 78 7F CE 07 7A 00 00 00 00 00 00 00 00 00 00 00 00 00 00 00 00 00 00 00 00 00 00 00 00 00 00 00 00 00 00 00 00 00 00 00 00 00
I 000000 02 81 20 36 00 32 00 90 00 A1 30 F7 40 00 00 00 28 68 7F CE 27 7A 00 00 00 00 00 00 00 00 00 00 00 00 00 00 00 00 00 00 00 00 00 00 00 00 00 00 00 00 00 00 00 00 00 00 00 00 00
I 000000 02 81 20 36 00 32 00 90 00 A1 30 FA 40 00 00 00 29 68 7F CE 17 7A 00 00 00 00 00 00 00 00 00 00 00 00 00 00 00 00 00 00 00 00 00 00 00 00 00 00 00 00 00 00 00 00 00 00 00 00 00
I 000000 02 81 20 36 00 32 00 90 00 A1 30 FD 40 00 00 00 28 68 7F CC 17 7A 00 00 00 00 00 00 00 00 00 00 00 00 00 00 00 00 00 00 00 00 00 00 00 00 00 00 00 00 00 00 00 00 00 00 00 00 00
I 000000 02 81 20 36 00 32 00 90 00 A1 30 00 40 00 00 00 26 78 7F CC 17 7A 00 00 00 00 00 00 00 00 00 00 00 00 00 00 00 00 00 00 00 00 00 00 00 00 00 00 00 00 00 00 00 00 00 00 00 00 00
I 000000 02 81 20 36 00 32 00 90 00 A1 30 03 40 00 00 00 28 68 7F CD 17 7A 00 00 00 00 00 00 00 00 00 00 00 00 00 00 00 00 00 00 00 00 00 00 00 00 00 00 00 00 00 00 00 00 00 00 00 00 00
I 000000 02 81 20 36 00 32 00 90 00 A1 30 06 40 00 00 00 27 78 7F CD 07 7A 00 00 00 00 00 00 00 00 00 00 00 00 00 00 00 00 00 00 00 00 00 00 00 00 00 00 00 00 00 00 00 00 00 00 00 00 00
I 000000 02 81 20 36 00 32 00 90 00 A1 30 09 40 00 00 00 26 68 7F CC 17 7A 00 00 00 00 00 00 00 00 00 00 00 00 00 00 00 00 00 00 00 00 00 00 00 00 00 00 00 00 00 00 00 00 00 00 00 00 00
I 000000 02 81 20 36 00 32 00 90 00 A1 30 0C 40 00 00 00 25 78 7F CD 27 7A 00 00 00 00 00 00 00 00 00 00 00 00 00 00 00 00 00 00 00 00 00 00 00 00 00 00 00 00 00 00 00 00 00 00 00 00 00
I 000000 02 81 20 36 00 32 00 90 00 A1 30 0F 40 00 00 00 25 68 7F CD 17 7A 00 00 00 00 00 00 00 00 00 00 00 00 00 00 00 00 00 00 00 00 00 00 00 00 00 00 00 00 00 00 00 00 00 00 00 00 00
I 000000 02 81 20 36 00 32 00 90 00 A1 30 12 40 00 00 00 26 78 7F CD 27 7A 00 00 00 00 00 00 00 00 00 00 00 00 00 00 00 00 00 00 00 00 00 00 00 00 00 00 00 00 00 00 00 00 00 00 00 00 00
I 000000 02 81 20 36 00 32 00 90 00 A1 30 15 40 00 00 00 26 58 7F CD 17 7A 00 00 00 00 00 00 00 00 00 00 00 00 00 00 00 00 00 00 00 00 00 00 00 00 00 00 00 00 00 00 00 00 00 00 00 00 00
I 000000 02 81 20 36 00 32 00 90 00 A1 30 18 40 00 00 00 26 68 7F CD 07 7A 00 00 00 00 00 00 00 00 00 00 00 00 00 00 00 00 00 00 00 00 00 00 00 00 00 00 00 00 00 00 00 00 00 00 00 00 00
I 000000 02 81 20 36 00 32 00 90 00 A1 30 1B 40 00 00 00 28 68 7F CD 27 7A 00 00 00 00 00 00 00 00 00 00 00 00 00 00 00 00 00 00 00 00 00 00 00 00 00 00 00 00 00 00 00 00 00 00 00 00 00
I 000000 02 81 20 36 00 32 00 90 00 A1 30 1E 40 00 00 00 26 78 7F CE 17 7A 00 00 00 00 00 00 00 00 00 00 00 00 00 00 00 00 00 00 00 00 00 00 00 00 00 00 00 00 00 00 00 00 00 00 00 00 00
I 000000 02 81 20 36 00 32 00 90 00 A1 30 21 40 00 00 00 26 68 7F CC 17 7A 00 00 00 00 00 00 00 00 00 00 00 00 00 00 00 00 00 00 00 00 00 00 00 00 00 00 00 00 00 00 00 00 00 00 00 00 00
I 000000 02 81 20 36 00 32 00 90 00 A1 30 24 40 00 00 00 27 68 7F CE 37 7A 00 00 00 00 00 00 00 00 00 00 00 00 00 00 00 00 00 00 00 00 00 00 00 00 00 00 00 00 00 00 00 00 00 00 00 00 00
I 000000 02 81 20 36 00 32 00 90 00 A1 30 27 40 00 00 00 26 78 7F CC 07 7A 00 00 00 00 00 00 00 00 00 00 00 00 00 00 00 00 00 00 00 00 00 00 00 00 00 00 00 00 00 00 00 00 00 00 00 00 00
I 000000 02 81 20 36 00 32 00 90 00 A1 30 2A 40 00 00 00 25 78 7F CC 17 7A 00 00 00 00 00 00 00 00 00 00 00 00 00 00 00 00 00 00 00 00 00 00 00 00 00 00 00 00 00 00 00 00 00 00 00 00 00
I 000000 02 81 20 36 00 32 00 90 00 A1 30 2D 40 00 00 00 26 68 7F CD 27 7A 00 00 00 00 00 00 00 00 00 00 00 00 00 00 00 00 00 00 00 00 00 00 00 00 00 00 00 00 00 00 00 00 00 00 00 00 00
I 000000 02 81 20 36 00 32 00 90 00 A1 30 30 40 00 00 00 27 78 7F CE 17 7A 00 00 00 00 00 00 00 00 00 00 00 00 00 00 00 00 00 00 00 00 00 00 00 00 00 00 00 00 00 00 00 00 00 00 00 00 00
I 000000 02 81 20 36 00 32 00 90 00 A1 30 33 40 00 00 00 26 68 7F CD 27 7A 00 00 00 00 00 00 00 00 00 00 00 00 00 00 00 00 00 00 00 00 00 00 00 00 00 00 00 00 00 00 00 00 00 00 00 00 00
I 000000 02 81 20 36 00 32 00 90 00 A1 30 36 40 00 00 00 26 78 7F CD 27 7A 00 00 00 00 00 00 00 00 00 00 00 00 00 00 00 00 00 00 00 00 00 00 00 00 00 00 00 00 00 00 00 00 00 00 00 00 00
I 000000 02 81 20 36 00 32 00 90 00 A1 30 39 40 00 00 00 26 78 7F CD 17 7A 00 00 00 00 00 00 00 00 00 00 00 00 00 00 00 00 00 00 00 00 00 00 00 00 00 00 00 00 00 00 00 00 00 00 00 00 00
I 000000 02 81 20 36 00 32 00 90 00 A1 30 3C 40 00 00 00 26 68 7F CD 17 7A 00 00 00 00 00 00 00 00 00 00 00 00 00 00 00 00 00 00 00 00 00 00 00 00 00 00 00 00 00 00 00 00 00 00 00 00 00
I 000000 02 81 20 36 00 32 00 90 00 A1 30 3F 40 00 00 00 28 68 7F CD 07 7A 00 00 00 00 00 00 00 00 00 00 00 00 00 00 00 00 00 00 00 00 00 00 00 00 00 00 00 00 00 00 00 00 00 00 00 00 00
I 000000 02 81 20 36 00 32 00 90 00 A1 30 42 40 00 00 00 28 78 7F CD 07 7A 00 00 00 00 00 00 00 00 00 00 00 00 00 00 00 00 00 00 00 00 00 00 00 00 00 00 00 00 00 00 00 00 00 00 00 00 00
I 000000 02 81 20 36 00 32 00 90 00 A1 30 45 40 00 00 00 26 68 7F CE 17 7A 00 00 00 00 00 00 00 00 00 00 00 00 00 00 00 00 00 00 00 00 00 00 00 00 00 00 00 00 00 00 00 00 00 00 00 00 00
I 000000 02 81 20 36 00 32 00 90 00 A1 30 48 40 00 00 00 28 68 7F CD 17 7A 00 00 00 00 00 00 00 00 00 00 00 00 00 00 00 00 00 00 00 00 00 00 00 00 00 00 00 00 00 00 00 00 00 00 00 00 00
I 000000 02 81 20 36 00 32 00 90 00 A1 30 4B 40 00 00 00 26 68 7F CE 27 7A 00 00 00 00 00 00 00 00 00 00 00 00 00 00 00 00 00 00 00 00 00 00 00 00 00 00 00 00 00 00 00 00 00 00 00 00 00
I 000000 02 81 20 36 00 32 00 90 00 A1 30 4E 40 00 00 00 29 78 7F CD 07 7A 00 00 00 00 00 00 00 00 00 00 00 00 00 00 00 00 00 00 00 00 00 00 00 00 00 00 00 00 00 00 00 00 00 00 00 00 00
I 000000 02 81 20 36 00 32 00 90 00 A1 30 51 40 00 00 00 26 78 7F CE 17 7A 00 00 00 00 00 00 00 00 00 00 00 00 00 00 00 00 00 00 00 00 00 00 00 00 00 00 00 00 00 00 00 00 00 00 00 00 00
I 000000 02 81 20 36 00 32 00 90 00 A1 30 54 40 00 00 00 27 88 7F CD 27 7A 00 00 00 00 00 00 00 00 00 00 00 00 00 00 00 00 00 00 00 00 00 00 00 00 00 00 00 00 00 00 00 00 00 00 00 00 00
I 000000 02 81 20 36 00 32 00 90 00 A1 30 57 40 00 00 00 26 68 7F CD 27 7A 00 00 00 00 00 00 00 00 00 00 00 00 00 00 00 00 00 00 00 00 00 00 00 00 00 00 00 00 00 00 00 00 00 00 00 00 00
I 000000 02 81 20 36 00 32 00 90 00 A1 30 5A 40 00 00 00 26 68 7F CC 17 7A 00 00 00 00 00 00 00 00 00 00 00 00 00 00 00 00 00 00 00 00 00 00 00 00 00 00 00 00 00 00 00 00 00 00 00 00 00
I 000000 02 81 20 36 00 32 00 90 00 A1 30 5D 40 00 00 00 25 78 7F CE 17 7A 00 00 00 00 00 00 00 00 00 00 00 00 00 00 00 00 00 00 00 00 00 00 00 00 00 00 00 00 00 00 00 00 00 00 00 00 00
I 000000 02 81 20 36 00 32 00 90 00 A1 30 60 40 00 00 00 28 78 7F CC 27 7A 00 00 00 00 00 00 00 00 00 00 00 00 00 00 00 00 00 00 00 00 00 00 00 00 00 00 00 00 00 00 00 00 00 00 00 00 00
I 000000 02 81 20 36 00 32 00 90 00 A1 30 63 40 00 00 00 28 68 7F CC 17 7A 00 00 00 00 00 00 00 00 00 00 00 00 00 00 00 00 00 00 00 00 00 00 00 00 00 00 00 00 00 00 00 00 00 00 00 00 00
I 000000 02 81 20 36 00 32 00 90 00 A1 30 66 40 00 00 00 26 78 7F CE 27 7A 00 00 00 00 00 00 00 00 00 00 00 00 00 00 00 00 00 00 00 00 00 00 00 00 00 00 00 00 00 00 00 00 00 00 00 00 00
I 000000 02 81 20 36 00 32 00 90 00 A1 30 69 40 00 00 00 26 78 7F CD 17 7A 00 00 00 00 00 00 00 00 00 00 00 00 00 00 00 00 00 00 00 00 00 00 00 00 00 00 00 00 00 00 00 00 00 00 00 00 00
I 000000 02 81 20 36 00 32 00 90 00 A1 30 6C 40 00 00 00 25 68 7F CC 27 7A 00 00 00 00 00 00 00 00 00 00 00 00 00 00 00 00 00 00 00 00 00 00 00 00 00 00 00 00 00 00 00 00 00 00 00 00 00
I 000000 02 81 20 36 00 32 00 90 00 A1 30 6F 40 00 00 00 24 78 7F CD 07 7A 00 00 00 00 00 00 00 00 00 00 00 00 00 00 00 00 00 00 00 00 00 00 00 00 00 00 00 00 00 00 00 00 00 00 00 00 00
I 000000 02 81 20 36 00 32 00 90 00 A1 30 72 40 00 00 00 26 78 7F CD 27 7A 00 00 00 00 00 00 00 00 00 00 00 00 00 00 00 00 00 00 00 00 00 00 00 00 00 00 00 00 00 00 00 00 00 00 00 00 00
I 000000 02 81 20 36 00 32 00 90 00 A1 30 75 40 00 00 00 26 78 7F CC 07 7A 00 00 00 00 00 00 00 00 00 00 00 00 00 00 00 00 00 00 00 00 00 00 00 00 00 00 00 00 00 00 00 00 00 00 00 00 00
I 000000 02 81 20 36 00 32 00 90 00 A1 30 78 40 00 00 00 26 78 7F CD 27 7A 00 00 00 00 00 00 00 00 00 00 00 00 00 00 00 00 00 00 00 00 00 00 00 00 00 00 00 00 00 00 00 00 00 00 00 00 00
I 000000 02 81 20 36 00 32 00 90 00 A1 30 7B 40 00 00 00 26 68 7F CD 17 7A 00 00 00 00 00 00 00 00 00 00 00 00 00 00 00 00 00 00 00 00 00 00 00 00 00 00 00 00 00 00 00 00 00 00 00 00 00
I 000000 02 81 20 36 00 32 00 90 00 A1 30 7E 40 00 00 00 25 78 7F CC 17 7A 00 00 00 00 00 00 00 00 00 00 00 00 00 00 00 00 00 00 00 00 00 00 00 00 00 00 00 00 00 00 00 00 00 00 00 00 00
I 000000 02 81 20 36 00 32 00 90 00 A1 30 81 40 00 00 00 26 78 7F CD 27 7A 00 00 00 00 00 00 00 00 00 00 00 00 00 00 00 00 00 00 00 00 00 00 00 00 00 00 00 00 00 00 00 00 00 00 00 00 00
I 000000 02 81 20 36 00 32 00 90 00 A1 30 84 40 00 00 00 26 68 7F CC 27 7A 00 00 00 00 00 00 00 00 00 00 00 00 00 00 00 00 00 00 00 00 00 00 00 00 00 00 00 00 00 00 00 00 00 00 00 00 00
# bt_host_disconnect_all BOOT SW pressed, DISCONN all devices!
# bt_hci_cmd_disconnect
O 000000 01 06 04 03 81 00 15
I 000000 04 0F 04 00 05 06 04
# BT_HCI_EVT_CMD_STATUS
I 000000 02 81 20 36 00 32 00 90 00 A1 30 87 40 00 00 00 26 78 7F CE 17 7A 00 00 00 00 00 00 00 00 00 00 00 00 00 00 00 00 00 00 00 00 00 00 00 00 00 00 00 00 00 00 00 00 00 00 00 00 00
I 000000 04 14 06 00 81 00 00 00 00
# bt_host_task dev: 0 report stalled
# bt_hci_cmd_exit_sniff_mode
O 000000 01 04 08 02 81 00
I 000000 04 0F 04 0C 05 04 08
# BT_HCI_EVT_CMD_STATUS
# opcode: 0x0804 error: 0x0C
I 000000 04 05 04 00 81 00 16
# BT_HCI_EVT_DISCONN_COMPLETE
# DISCONN from dev: 0
# bt_hci_cmd_le_set_scan_enable
# bt_hci_cmd_le_set_scan_param_active
# bt_hci_cmd_le_set_scan_enable
# bt_hci_cmd_periodic_inquiry
# bt_hci_cmd_le_set_adv_enable
O 000000 01 0C 20 02 00 01
I 000000 04 0E 04 05 0C 20 00
# BT_HCI_EVT_CMD_COMPLETE
O 000000 01 0B 20 07 01 24 00 12 00 00 00
I 000000 04 0E 04 05 0B 20 00
# BT_HCI_EVT_CMD_COMPLETE
O 000000 01 0C 20 02 01 01
I 000000 04 0E 04 05 0C 20 00
# BT_HCI_EVT_CMD_COMPLETE
O 000000 01 03 04 09 0A 00 08 00 33 8B 9E 03 FF
I 000000 04 0E 04 05 03 04 00
# BT_HCI_EVT_CMD_COMPLETE
O 000000 01 0A 20 01 01
I 000000 04 0E 04 05 0A 20 00
# BT_HCI_EVT_CMD_COMPLETE
I 000000 04 3E 28 02 01 02 01 30 27 DE 15 10 5B 1C 03 03 9F FE 17 16 9F FE 00 00 00 00 00 00 00 00 00 00 00 00 00 00 00 00 00 00 00 00 AF
# BT_HCI_EVT_LE_ADVERTISING_REPORT
I 000000 04 3E 16 02 01 04 01 30 27 DE 15 10 5B 0A 09 FF E0 00 56 17 CA 55 5C 71 AF
# BT_HCI_EVT_LE_ADVERTISING_REPORT
I 000000 04 3E 2B 02 01 03 01 EB 21 C4 B1 39 5E 1F 1E FF 06 00 01 09 20 02 CF 8D 2B 45 24 77 4B D9 B8 3F 86 C3 27 91 44 CA E9 F5 16 88 96 E7 B9 BA
# BT_HCI_EVT_LE_ADVERTISING_REPORT
I 000000 04 3E 1D 02 01 00 00 36 12 57 EC B3 F0 11 02 01 1A 02 0A 04 0A FF 4C 00 10 05 01 10 F2 88 78 BA
# BT_HCI_EVT_LE_ADVERTISING_REPORT
I 000000 04 3E 0C 02 01 04 00 36 12 57 EC B3 F0 00 B9
# BT_HCI_EVT_LE_ADVERTISING_REPORT
I 000000 04 3E 28 02 01 02 01 4A E3 9D 41 9F 62 1C 03 03 9F FE 17 16 9F FE 00 00 00 00 00 00 00 00 00 00 00 00 00 00 00 00 00 00 00 00 9F
# BT_HCI_EVT_LE_ADVERTISING_REPORT
I 000000 04 3E 16 02 01 04 01 4A E3 9D 41 9F 62 0A 09 FF E0 00 32 0E CA 6D 88 03 9F
# BT_HCI_EVT_LE_ADVERTISING_REPORT
I 000000 04 3E 2B 02 01 03 01 2E 9E 59 FC 1D 2F 1F 1E FF 06 00 01 09 20 22 37 56 6F 36 92 7C 56 5E 95 0D 92 55 CF 6F 01 E8 FC BF 66 90 89 D8 13 9C
# BT_HCI_EVT_LE_ADVERTISING_REPORT
I 000000 04 3E 28 02 01 02 01 FA A1 E9 8A 05 5B 1C 03 03 9F FE 17 16 9F FE 00 00 00 00 00 00 00 00 00 00 00 00 00 00 00 00 00 00 00 00 BE
# BT_HCI_EVT_LE_ADVERTISING_REPORT
I 000000 04 3E 16 02 01 04 01 FA A1 E9 8A 05 5B 0A 09 FF E0 00 56 CB CA 82 5B 44 BE
# BT_HCI_EVT_LE_ADVERTISING_REPORT
I 000000 04 3E 2B 02 01 03 01 65 33 43 F6 88 20 1F 1E FF 06 00 01 0F 20 02 20 67 1F 35 11 34 FC AC C3 6B 90 87 F3 F5 8B 9B 43 B8 20 A2 7C BC 05 D3
# BT_HCI_EVT_LE_ADVERTISING_REPORT
I 000000 04 3E 1B 02 01 03 01 31 4A 8A AC FF 14 0F 02 01 1A 0B FF 4C 00 09 06 03 04 C0 A8 01 08 A5
# BT_HCI_EVT_LE_ADVERTISING_REPORT
I 000000 04 3E 28 02 01 02 01 4E 36 15 01 AD 69 1C 03 03 9F FE 17 16 9F FE 00 00 00 00 00 00 00 00 00 00 00 00 00 00 00 00 00 00 00 00 AF
# BT_HCI_EVT_LE_ADVERTISING_REPORT
I 000000 04 3E 16 02 01 04 01 4E 36 15 01 AD 69 0A 09 FF E0 00 56 19 CA 90 F4 40 AE
# BT_HCI_EVT_LE_ADVERTISING_REPORT
I 000000 04 3E 1D 02 01 00 00 20 A3 69 CD 69 C8 11 02 01 1A 02 0A 0C 0A FF 4C 00 10 05 09 14 23 39 7C A6
# BT_HCI_EVT_LE_ADVERTISING_REPORT
I 000000 04 3E 0C 02 01 04 00 20 A3 69 CD 69 C8 00 AA
# BT_HCI_EVT_LE_ADVERTISING_REPORT
I 000000 04 3E 29 02 01 00 01 1F D0 C0 70 97 7D 1D 02 01 1A 09 FF C4 00 0C 33 15 13 17 80 02 0A D4 03 03 B9 FE 08 1B 00 99 3B D4 86 2F 40 A2
# BT_HCI_EVT_LE_ADVERTISING_REPORT
I 000000 04 3E 1A 02 01 04 01 1F D0 C0 70 97 7D 0E 0A 09 50 C3 A9 70 69 6E 20 54 56 02 0A D4 A3
# BT_HCI_EVT_LE_ADVERTISING_REPORT
# bt_hci_cmd_exit_periodic_inquiry
O 000000 01 04 04 00
I 000000 04 0E 04 05 04 04 00
# BT_HCI_EVT_CMD_COMPLETE
# bt_hci_cmd_le_set_scan_enable
O 000000 01 0C 20 02 00 01
I 000000 04 0E 04 05 0C 20 00
# BT_HCI_EVT_CMD_COMPLETE
# bt_hci_cmd_le_set_scan_param_passive
O 000000 01 0B 20 07 00 00 04 12 00 00 01
I 000000 04 0E 04 05 0B 20 00
# BT_HCI_EVT_CMD_COMPLETE
# bt_hci_cmd_le_set_scan_enable
O 000000 01 0C 20 02 01 01
I 000000 04 0E 04 05 0C 20 00
# BT_HCI_EVT_CMD_COMPLETE
