# gid_update_sys: GC
# bt_hci_cmd_reset
O 0.493282 000000 01 03 0C 00
I 0.495054 000000 04 0E 04 05 03 0C 00
# BT_HCI_EVT_CMD_COMPLETE
# bt_hci_cmd_read_local_features
O 0.495882 000000 01 03 10 00
I 0.496259 000000 04 0E 0C 05 03 10 00 BF EE CD FE DB FF 7B 87
# BT_HCI_EVT_CMD_COMPLETE
# bt_hci_cmd_read_local_version_info
O 0.496904 000000 01 01 10 00
I 0.497264 000000 04 0E 0C 05 01 10 00 08 0E 03 08 60 00 0E 03
# BT_HCI_EVT_CMD_COMPLETE
# bt_hci_cmd_read_bd_addr
O 0.498480 000000 01 09 10 00
I 0.498845 000000 04 0E 0A 05 09 10 00 2E C3 E0 BD 9E 7C
# BT_HCI_EVT_CMD_COMPLETE
# local_name: BlueRetro_GC_C32E
# local_bdaddr: 7C:9E:BD:E0:C3:2E
# bt_hci_cmd_read_buffer_size
O 0.500778 000000 01 05 10 00
I 0.501250 000000 04 0E 0B 05 05 10 00 FD 03 FF 09 00 04 00
# BT_HCI_EVT_CMD_COMPLETE
# bt_hci_cmd_read_class_of_device
O 0.502385 000000 01 23 0C 00
I 0.502746 000000 04 0E 07 05 23 0C 00 00 00 00
# BT_HCI_EVT_CMD_COMPLETE
# bt_hci_cmd_read_local_name
O 0.503815 000000 01 14 0C 00
I 0.504171 000000 04 0E FC 05 14 0C 00 00 00 00 00 00 00 00 00 00
000010 00 00 00 00 00 00 00 00 00 00 00 00 00 00 00 00
000020 00 00 00 00 00 00 00 00 00 00 00 00 00 00 00 00
000030 00 00 00 00 00 00 00 00 00 00 00 00 00 00 00 00
000040 00 00 00 00 00 00 00 00 00 00 00 00 00 00 00 00
000050 00 00 00 00 00 00 00 00 00 00 00 00 00 00 00 00
000060 00 00 00 00 00 00 00 00 00 00 00 00 00 00 00 00
000070 00 00 00 00 00 00 00 00 00 00 00 00 00 00 00 00
000080 00 00 00 00 00 00 00 00 00 00 00 00 00 00 00 00
000090 00 00 00 00 00 00 00 00 00 00 00 00 00 00 00 00
0000A0 00 00 00 00 00 00 00 00 00 00 00 00 00 00 00 00
0000B0 00 00 00 00 00 00 00 00 00 00 00 00 00 00 00 00
0000C0 00 00 00 00 00 00 00 00 00 00 00 00 00 00 00 00
0000D0 00 00 00 00 00 00 00 00 00 00 00 00 00 00 00 00
0000E0 00 00 00 00 00 00 00 00 00 00 00 00 00 00 00 00
0000F0 00 00 00 00 00 00 00 00 00 00 00 00 00 00 00
# BT_HCI_EVT_CMD_COMPLETE
# bt_hci_cmd_read_voice_setting
O 0.514398 000000 01 25 0C 00
I 0.514755 000000 04 0E 06 05 25 0C 00 00 00
# BT_HCI_EVT_CMD_COMPLETE
# bt_hci_cmd_read_num_supported_iac
O 0.515884 000000 01 38 0C 00
I 0.516238 000000 04 0E 05 05 38 0C 00 01
# BT_HCI_EVT_CMD_COMPLETE
# bt_hci_cmd_read_current_iac_lap
O 0.517319 000000 01 39 0C 00
I 0.517675 000000 04 0E 08 05 39 0C 00 01 33 8B 9E
# BT_HCI_EVT_CMD_COMPLETE
# bt_hci_cmd_set_event_filter
O 0.518817 000000 01 05 0C 01 00
I 0.519202 000000 04 0E 04 05 05 0C 00
# BT_HCI_EVT_CMD_COMPLETE
# bt_hci_cmd_write_conn_accept_timeout
O 0.520295 000000 01 16 0C 02 00 7D
I 0.520689 000000 04 0E 04 05 16 0C 00
# BT_HCI_EVT_CMD_COMPLETE
# bt_hci_cmd_read_supported_commands
O 0.521788 000000 01 02 10 00
I 0.522141 000000 04 0E 44 05 02 10 00 BF FF FF 03 CC FF EF FF 3F
000010 FF FC 1F F2 0F E8 FE 3F F7 8F FF 1C 00 04 00 61
000020 F7 FF FF 7F 38 C0 FF 7F FF FF 0F 00 00 00 00 00
000030 00 00 00 00 00 00 00 00 00 00 00 00 00 00 00 00
000040 00 00 00 00 00 00 00
# BT_HCI_EVT_CMD_COMPLETE
# bt_hci_cmd_write_ssp_mode
O 0.525502 000000 01 56 0C 01 01
I 0.525896 000000 04 0E 04 05 56 0C 00
# BT_HCI_EVT_CMD_COMPLETE
# bt_hci_cmd_write_inquiry_mode
O 0.526925 000000 01 45 0C 01 02
I 0.527317 000000 04 0E 04 05 45 0C 00
# BT_HCI_EVT_CMD_COMPLETE
# bt_hci_cmd_read_inquiry_rsp_tx_pwr_lvl
O 0.528440 000000 01 58 0C 00
I 0.528809 000000 04 0E 05 05 58 0C 00 F4
# BT_HCI_EVT_CMD_COMPLETE
# bt_hci_cmd_read_local_ext_features
O 0.529895 000000 01 04 10 01 01
I 0.530288 000000 04 0E 0E 05 04 10 00 01 02 01 00 00 00 00 00 00
000010 00
# BT_HCI_EVT_CMD_COMPLETE
# bt_hci_cmd_read_stored_link_key
O 0.531725 000000 01 0D 0C 07 00 00 00 00 00 00 01
I 0.532258 000000 04 0E 08 05 0D 0C 00 08 00 00 00
# BT_HCI_EVT_CMD_COMPLETE
# bt_hci_cmd_read_page_scan_activity
O 0.533517 000000 01 1B 0C 00
I 0.533877 000000 04 0E 08 05 1B 0C 00 00 08 12 00
# BT_HCI_EVT_CMD_COMPLETE
# bt_hci_cmd_read_page_scan_type
O 0.535027 000000 01 46 0C 00
I 0.535387 000000 04 0E 05 05 46 0C 00 00
# BT_HCI_EVT_CMD_COMPLETE
# bt_hci_cmd_write_le_host_supp
O 0.536437 000000 01 6D 0C 02 01 00
I 0.536853 000000 04 0E 04 05 6D 0C 00
# BT_HCI_EVT_CMD_COMPLETE
# bt_hci_cmd_le_read_wl_size
O 0.537855 000000 01 0F 20 00
I 0.538221 000000 04 0E 05 05 0F 20 00 0C
# BT_HCI_EVT_CMD_COMPLETE
# bt_hci_cmd_le_clear_wl
O 0.539180 000000 01 10 20 00
I 0.539603 000000 04 0E 04 05 10 20 00
# BT_HCI_EVT_CMD_COMPLETE
# bt_hci_cmd_le_add_dev_to_wl
O 0.540548 000000 01 11 20 07 00 20 A4 52 22 16 44
I 0.541092 000000 04 0E 04 05 11 20 00
# BT_HCI_EVT_CMD_COMPLETE
# bt_hci_cmd_le_add_dev_to_wl
O 0.542120 000000 01 11 20 07 00 CB 08 6F 37 BA 5C
I 0.542675 000000 04 0E 04 05 11 20 00
# BT_HCI_EVT_CMD_COMPLETE
# bt_hci_cmd_le_add_dev_to_wl
O 0.543703 000000 01 11 20 07 00 B3 38 0C 14 7A 98
I 0.544259 000000 04 0E 04 05 11 20 00
# BT_HCI_EVT_CMD_COMPLETE
# bt_hci_cmd_le_add_dev_to_wl
O 0.545286 000000 01 11 20 07 00 B7 58 96 5F C6 EE
I 0.545842 000000 04 0E 04 05 11 20 00
# BT_HCI_EVT_CMD_COMPLETE
# bt_hci_cmd_delete_stored_link_key
O 0.546939 000000 01 12 0C 07 00 00 00 00 00 00 01
I 0.547480 000000 04 0E 06 05 12 0C 00 00 00
# BT_HCI_EVT_CMD_COMPLETE
# bt_hci_cmd_write_class_of_device
O 0.548641 000000 01 24 0C 03 0C 01 1C
I 0.549058 000000 04 0E 04 05 24 0C 00
# BT_HCI_EVT_CMD_COMPLETE
# bt_hci_cmd_write_local_name
O 0.550107 000000 01 13 0C F8 42 6C 75 65 52 65 74 72 6F 20 41 64
000010 61 70 74 65 72 00 00 00 00 00 00 00 00 00 00 00
000020 00 00 00 00 00 00 00 00 00 00 00 00 00 00 00 00
000030 00 00 00 00 00 00 00 00 00 00 00 00 00 00 00 00
000040 00 00 00 00 00 00 00 00 00 00 00 00 00 00 00 00
000050 00 00 00 00 00 00 00 00 00 00 00 00 00 00 00 00
000060 00 00 00 00 00 00 00 00 00 00 00 00 00 00 00 00
000070 00 00 00 00 00 00 00 00 00 00 00 00 00 00 00 00
000080 00 00 00 00 00 00 00 00 00 00 00 00 00 00 00 00
000090 00 00 00 00 00 00 00 00 00 00 00 00 00 00 00 00
0000A0 00 00 00 00 00 00 00 00 00 00 00 00 00 00 00 00
0000B0 00 00 00 00 00 00 00 00 00 00 00 00 00 00 00 00
0000C0 00 00 00 00 00 00 00 00 00 00 00 00 00 00 00 00
0000D0 00 00 00 00 00 00 00 00 00 00 00 00 00 00 00 00
0000E0 00 00 00 00 00 00 00 00 00 00 00 00 00 00 00 00
0000F0 00 00 00 00 00 00 00 00 00 00 00 00
I 0.559594 000000 04 0E 04 05 13 0C 00
# BT_HCI_EVT_CMD_COMPLETE
# bt_hci_cmd_set_event_filter
O 0.560660 000000 01 05 0C 08 01 01 00 05 00 00 1F 00
I 0.561206 000000 04 0E 04 05 05 0C 00
# BT_HCI_EVT_CMD_COMPLETE
# bt_hci_cmd_set_event_filter
O 0.562272 000000 01 05 0C 09 02 01 00 05 00 00 1F 00 01
I 0.562855 000000 04 0E 04 05 05 0C 00
# BT_HCI_EVT_CMD_COMPLETE
# bt_hci_cmd_write_auth_enable
O 0.563930 000000 01 20 0C 01 00
I 0.564322 000000 04 0E 04 05 20 0C 00
# BT_HCI_EVT_CMD_COMPLETE
# bt_hci_cmd_set_event_mask
O 0.565297 000000 01 01 0C 08 FF FF FB FF 07 F8 BF 3D
I 0.565844 000000 04 0E 04 05 01 0C 00
# BT_HCI_EVT_CMD_COMPLETE
# bt_hci_cmd_write_page_scan_activity
O 0.566999 000000 01 1C 0C 04 50 00 12 00
I 0.567434 000000 04 0E 04 05 1C 0C 00
# BT_HCI_EVT_CMD_COMPLETE
# bt_hci_cmd_write_inquiry_scan_activity
O 0.568604 000000 01 1E 0C 04 50 00 12 00
I 0.569035 000000 04 0E 04 05 1E 0C 00
# BT_HCI_EVT_CMD_COMPLETE
# bt_hci_cmd_write_page_scan_type
O 0.570133 000000 01 47 0C 01 01
I 0.570537 000000 04 0E 04 05 47 0C 00
# BT_HCI_EVT_CMD_COMPLETE
# bt_hci_cmd_write_page_scan_timeout
O 0.571601 000000 01 18 0C 02 00 20
I 0.572018 000000 04 0E 04 05 18 0C 00
# BT_HCI_EVT_CMD_COMPLETE
# bt_hci_cmd_write_hold_mode_act
O 0.573056 000000 01 2C 0C 01 00
I 0.573459 000000 04 0E 04 05 2C 0C 01
# BT_HCI_EVT_CMD_COMPLETE
# bt_hci_cmd_write_scan_enable
O 0.574450 000000 01 1A 0C 01 02
I 0.574922 000000 04 0E 04 05 1A 0C 00
# BT_HCI_EVT_CMD_COMPLETE
# bt_hci_cmd_write_default_link_policy
O 0.575946 000000 01 0F 08 02 0F 00
I 0.576371 000000 04 0E 04 05 0F 08 00
# BT_HCI_EVT_CMD_COMPLETE
# bt_hci_cmd_le_read_buffer_size
O 0.577388 000000 01 02 20 00
I 0.577747 000000 04 0E 07 05 02 20 00 FB 00 0A
# BT_HCI_EVT_CMD_COMPLETE
# bt_att_set_le_max_mtu 247
# bt_hci_cmd_le_set_adv_param
O 0.579160 000000 01 06 20 0F A0 00 A0 00 00 00 00 00 00 00 00 00
000010 00 07 00
I 0.580105 000000 04 0E 04 05 06 20 00
# BT_HCI_EVT_CMD_COMPLETE
# bt_hci_cmd_le_set_adv_data
O 0.581087 000000 01 08 20 20 1A 02 01 06 03 02 0F 18 12 09 42 6C
000010 75 65 52 65 74 72 6F 5F 47 43 5F 43 33 32 45 00
000020 00 00 00 00
I 0.582546 000000 04 0E 04 05 08 20 00
# BT_HCI_EVT_CMD_COMPLETE
# bt_hci_cmd_le_set_scan_rsp_data
O 0.583657 000000 01 09 20 20 12 11 07 56 9A 79 76 A1 2F 4B 31 B0
000010 FA 80 51 56 0F 83 00 00 00 00 00 00 00 00 00 00
000020 00 00 00 00
I 0.585142 000000 04 0E 04 05 09 20 00
# BT_HCI_EVT_CMD_COMPLETE
# bt_hci_cmd_le_set_adv_enable
O 0.586207 000000 01 0A 20 01 01
I 0.586859 000000 04 0E 04 05 0A 20 00
# BT_HCI_EVT_CMD_COMPLETE
# bt_hci_cmd_le_set_scan_enable
# bt_hci_cmd_le_set_scan_param_active
# bt_hci_cmd_le_set_scan_enable
# bt_hci_cmd_periodic_inquiry
O 0.588727 000000 01 0C 20 02 00 01
I 0.589163 000000 04 0E 04 05 0C 20 0C
# BT_HCI_EVT_CMD_COMPLETE
# opcode: 0x200C error: 0x0C retry: 0
# bt_hci_cmd_le_set_scan_enable
# bt_hci_cmd_le_set_scan_param_active
# bt_hci_cmd_le_set_scan_enable
# bt_hci_cmd_periodic_inquiry
O 0.591653 000000 01 0B 20 07 01 24 00 12 00 00 00
I 0.592232 000000 04 0E 04 05 0B 20 00
# BT_HCI_EVT_CMD_COMPLETE
O 0.593134 000000 01 0C 20 02 01 01
I 0.593818 000000 04 0E 04 05 0C 20 00
# BT_HCI_EVT_CMD_COMPLETE
O 0.594384 000000 01 03 04 09 0A 00 08 00 33 8B 9E 03 FF
I 0.594948 000000 04 0E 04 05 03 04 00
# BT_HCI_EVT_CMD_COMPLETE
O 0.595442 000000 01 0C 20 02 00 01
I 0.595911 000000 04 0E 04 05 0C 20 00
# BT_HCI_EVT_CMD_COMPLETE
O 0.596487 000000 01 0B 20 07 01 24 00 12 00 00 00
I 0.596984 000000 04 0E 04 05 0B 20 00
# BT_HCI_EVT_CMD_COMPLETE
O 0.597725 000000 01 0C 20 02 01 01
O 0.598150 000000 01 03 04 09 0A 00 08 00 33 8B 9E 03 FF
I 0.598640 000000 04 0E 04 04 03 04 0C
# BT_HCI_EVT_CMD_COMPLETE
# opcode: 0x0403 error: 0x0C retry: 0
I 0.600131 000000 04 0E 04 05 0C 20 00
# BT_HCI_EVT_CMD_COMPLETE
I 0.675223 000000 04 3E 2B 02 01 03 01 CD 36 69 A4 E3 3E 1F 1E FF
000010 06 00 01 0F 20 02 BD 25 91 E6 95 AC 12 0F 2F E7
000020 F1 41 C4 05 FF B1 AC 59 5F 13 6D D2 71 C4
# BT_HCI_EVT_LE_ADVERTISING_REPORT
I 1.122463 000000 04 3E 28 02 01 02 01 BC 86 70 C0 00 41 1C 03 03
000010 9F FE 17 16 9F FE 00 00 00 00 00 00 00 00 00 00
000020 00 00 00 00 00 00 00 00 00 00 B7
# BT_HCI_EVT_LE_ADVERTISING_REPORT
I 1.124228 000000 04 3E 16 02 01 04 01 BC 86 70 C0 00 41 0A 09 FF
000010 E0 00 56 CB CA 82 5B 44 B8
# BT_HCI_EVT_LE_ADVERTISING_REPORT
I 1.547633 000000 04 3E 28 02 01 02 01 74 A9 EA C3 61 48 1C 03 03
000010 9F FE 17 16 9F FE 00 00 00 00 00 00 00 00 00 00
000020 00 00 00 00 00 00 00 00 00 00 BC
# BT_HCI_EVT_LE_ADVERTISING_REPORT
I 1.549215 000000 04 3E 16 02 01 04 01 74 A9 EA C3 61 48 0A 09 FF
000010 E0 00 56 19 CA 90 F4 40 BD
# BT_HCI_EVT_LE_ADVERTISING_REPORT
I 1.668056 000000 04 3E 1D 02 01 00 00 20 A3 69 CD 69 C8 11 02 01
000010 1A 02 0A 0C 0A FF 4C 00 10 05 09 14 23 39 7C AA
# BT_HCI_EVT_LE_ADVERTISING_REPORT
I 1.669155 000000 04 3E 0C 02 01 04 00 20 A3 69 CD 69 C8 00 AA
# BT_HCI_EVT_LE_ADVERTISING_REPORT
I 2.096399 000000 04 3E 1B 02 01 03 01 FB 25 F2 CB 2B 31 0F 02 01
000010 1A 0B FF 4C 00 09 06 03 6D C0 A8 56 D5 CC
# BT_HCI_EVT_LE_ADVERTISING_REPORT
I 2.202903 000000 04 3E 1D 02 01 00 00 36 12 57 EC B3 F0 11 02 01
000010 1A 02 0A 04 0A FF 4C 00 10 05 01 10 F2 88 78 CD
# BT_HCI_EVT_LE_ADVERTISING_REPORT
I 2.203904 000000 04 3E 0C 02 01 04 00 36 12 57 EC B3 F0 00 CE
# BT_HCI_EVT_LE_ADVERTISING_REPORT
I 3.243901 000000 04 3E 14 02 01 03 01 E5 53 DC 97 63 F9 08 07 FF
000010 4C 00 12 02 00 03 A4
# BT_HCI_EVT_LE_ADVERTISING_REPORT
I 3.347776 000000 04 3E 28 02 01 02 01 F4 7A 05 57 AF 41 1C 03 03
000010 9F FE 17 16 9F FE 00 00 00 00 00 00 00 00 00 00
000020 00 00 00 00 00 00 00 00 00 00 BF
# BT_HCI_EVT_LE_ADVERTISING_REPORT
I 3.349248 000000 04 3E 16 02 01 04 01 F4 7A 05 57 AF 41 0A 09 FF
000010 E0 00 56 A8 CA 87 56 E9 BE
# BT_HCI_EVT_LE_ADVERTISING_REPORT
I 3.551074 000000 04 3E 28 02 01 02 01 D5 4B 99 D6 EE 5F 1C 03 03
000010 9F FE 17 16 9F FE 00 00 00 00 00 00 00 00 00 00
000020 00 00 00 00 00 00 00 00 00 00 B1
# BT_HCI_EVT_LE_ADVERTISING_REPORT
I 3.552507 000000 04 3E 16 02 01 04 01 D5 4B 99 D6 EE 5F 0A 09 FF
000010 E0 00 56 17 CA 55 5C 71 B0
# BT_HCI_EVT_LE_ADVERTISING_REPORT
I 4.391322 000000 04 3E 1B 02 01 03 01 B9 E5 AF 00 EF 27 0F 02 01
000010 1A 0B FF 4C 00 09 06 03 12 C0 A8 01 08 A9
# BT_HCI_EVT_LE_ADVERTISING_REPORT
I 4.451079 000000 04 01 01 00
# BT_HCI_EVT_INQUIRY_COMPLETE
I 4.480783 000000 04 3E 28 02 01 02 01 5F 8E B2 EC 00 59 1C 03 03
000010 9F FE 17 16 9F FE 00 00 00 00 00 00 00 00 00 00
000020 00 00 00 00 00 00 00 00 00 00 A1
# BT_HCI_EVT_LE_ADVERTISING_REPORT
I 4.482254 000000 04 3E 16 02 01 04 01 5F 8E B2 EC 00 59 0A 09 FF
000010 E0 00 00 70 CA 7A C1 17 A3
# BT_HCI_EVT_LE_ADVERTISING_REPORT
I 4.863838 000000 04 3E 2B 02 01 03 01 82 35 62 6C 62 49 1F 1E FF
000010 06 00 01 09 20 02 53 41 50 3D 9F 18 67 E7 B0 DF
000020 D9 7A 81 07 53 FF 1B 4F D8 A3 69 89 F0 AE
# BT_HCI_EVT_LE_ADVERTISING_REPORT
I 5.151181 000000 04 3E 14 02 01 03 01 36 AC 2B A3 80 D6 08 07 FF
000010 4C 00 12 02 00 03 9E
# BT_HCI_EVT_LE_ADVERTISING_REPORT
I 5.329294 000000 04 3E 1F 02 01 00 01 71 45 48 AE 76 65 13 02 01
000010 1A 02 0A 07 0C FF 4C 00 10 07 3E 1F C8 DD 72 0B
000020 28 A4
# BT_HCI_EVT_LE_ADVERTISING_REPORT
I 5.330565 000000 04 3E 0C 02 01 04 01 71 45 48 AE 76 65 00 A4
# BT_HCI_EVT_LE_ADVERTISING_REPORT
I 5.396644 000000 04 3E 28 02 01 02 01 8D AF BD FD 98 52 1C 03 03
000010 9F FE 17 16 9F FE 00 00 00 00 00 00 00 00 00 00
000020 00 00 00 00 00 00 00 00 00 00 A0
# BT_HCI_EVT_LE_ADVERTISING_REPORT
I 5.403893 000000 04 3E 16 02 01 04 01 8D AF BD FD 98 52 0A 09 FF
000010 E0 00 32 AE CA 32 83 3D 9F
# BT_HCI_EVT_LE_ADVERTISING_REPORT
I 7.428822 000000 04 3E 14 02 01 03 01 C6 7C C4 42 8B D0 08 07 FF
000010 4C 00 12 02 00 00 AB
# BT_HCI_EVT_LE_ADVERTISING_REPORT
I 9.926326 000000 04 3E 29 02 01 02 01 49 E2 24 4E D3 57 1D 02 01
000010 1A 09 FF C4 00 20 33 14 12 16 80 02 0A D4 03 03
000020 B9 FE 08 1B 00 99 3B D4 86 2F 40 A0
# BT_HCI_EVT_LE_ADVERTISING_REPORT
I 10.863049 000000 04 3E 1A 02 01 04 01 49 E2 24 4E D3 57 0E 0A 09
000010 50 C3 A9 70 69 6E 20 54 56 02 0A D4 A0
# BT_HCI_EVT_LE_ADVERTISING_REPORT
I 11.613826 000000 04 3E 1B 02 01 00 00 DB A6 EA CD 69 C8 0F 02 01
000010 1A 0B FF 4C 00 09 06 03 03 C0 A8 01 6B 9A
# BT_HCI_EVT_LE_ADVERTISING_REPORT
I 12.616092 000000 04 2F FF 01 85 3A F4 20 DA E8 01 00 08 25 00 92
000010 72 B6 0F 09 50 72 6F 20 43 6F 6E 74 72 6F 6C 6C
000020 65 72 00 00 00 00 00 00 00 00 00 00 00 00 00 00
000030 00 00 00 00 00 00 00 00 00 00 00 00 00 00 00 00
000040 00 00 00 00 00 00 00 00 00 00 00 00 00 00 00 00
000050 00 00 00 00 00 00 00 00 00 00 00 00 00 00 00 00
000060 00 00 00 00 00 00 00 00 00 00 00 00 00 00 00 00
000070 00 00 00 00 00 00 00 00 00 00 00 00 00 00 00 00
000080 00 00 00 00 00 00 00 00 00 00 00 00 00 00 00 00
000090 00 00 00 00 00 00 00 00 00 00 00 00 00 00 00 00
0000A0 00 00 00 00 00 00 00 00 00 00 00 00 00 00 00 00
0000B0 00 00 00 00 00 00 00 00 00 00 00 00 00 00 00 00
0000C0 00 00 00 00 00 00 00 00 00 00 00 00 00 00 00 00
0000D0 00 00 00 00 00 00 00 00 00 00 00 00 00 00 00 00
0000E0 00 00 00 00 00 00 00 00 00 00 00 00 00 00 00 00
0000F0 00 00 00 00 00 00 00 00 00 00 00 00 00 00 00 00
000100 00 00
# BT_HCI_EVT_INQUIRY_RESULT
# Number of responce: 1
# bt_hci_cmd_connect
# Inquiry dev: 0 type: 0 bdaddr: E8:DA:20:F4:3A:85
O 12.626617 000000 01 05 04 0D 85 3A F4 20 DA E8 18 CC 00 00 00 00
000010 01
I 12.627549 000000 04 0F 04 00 05 05 04
# BT_HCI_EVT_CMD_STATUS
I 12.764691 000000 04 03 0B 00 81 00 85 3A F4 20 DA E8 01 00
# BT_HCI_EVT_CONN_COMPLETE
# dev: 0 acl_handle: 0x0081
# bt_hci_cmd_le_set_adv_disable
# bt_hci_cmd_remote_name_request
O 12.766175 000000 01 0A 20 01 00
I 12.766792 000000 04 0E 04 05 0A 20 00
# BT_HCI_EVT_CMD_COMPLETE
I 12.767463 000000 04 1B 03 81 00 05
O 12.768031 000000 01 19 04 0A 85 3A F4 20 DA E8 01 00 00 00
I 12.768608 000000 04 0F 04 00 05 19 04
# BT_HCI_EVT_CMD_STATUS
I 12.777303 000000 04 07 FF 00 85 3A F4 20 DA E8 50 72 6F 20 43 6F
000010 6E 74 72 6F 6C 6C 65 72 00 00 00 00 00 00 00 00
000020 00 00 00 00 00 00 00 00 00 00 00 00 00 00 00 00
000030 00 00 00 00 00 00 00 00 00 00 00 00 00 00 00 00
000040 00 00 00 00 00 00 00 00 00 00 00 00 00 00 00 00
000050 00 00 00 00 00 00 00 00 00 00 00 00 00 00 00 00
000060 00 00 00 00 00 00 00 00 00 00 00 00 00 00 00 00
000070 00 00 00 00 00 00 00 00 00 00 00 00 00 00 00 00
000080 00 00 00 00 00 00 00 00 00 00 00 00 00 00 00 00
000090 00 00 00 00 00 00 00 00 00 00 00 00 00 00 00 00
0000A0 00 00 00 00 00 00 00 00 00 00 00 00 00 00 00 00
0000B0 00 00 00 00 00 00 00 00 00 00 00 00 00 00 00 00
0000C0 00 00 00 00 00 00 00 00 00 00 00 00 00 00 00 00
0000D0 00 00 00 00 00 00 00 00 00 00 00 00 00 00 00 00
0000E0 00 00 00 00 00 00 00 00 00 00 00 00 00 00 00 00
0000F0 00 00 00 00 00 00 00 00 00 00 00 00 00 00 00 00
000100 00 00
# BT_HCI_EVT_REMOTE_NAME_REQ_COMPLETE:
# bt_type_update: dev: 0 type: 5 subtype: 0
# bt_hci_cmd_exit_periodic_inquiry
# bt_hci_cmd_le_set_scan_enable
# bt_hci_cmd_le_set_scan_param_passive
# bt_hci_cmd_le_set_scan_enable
O 12.788691 000000 01 04 04 00
# bt_hci_cmd_read_remote_features
# bt_hci_cmd_auth_requested
# dev: 0 type: 5:0 Pro Controller
I 13.094177 000000 04 2F FF 01 85 3A F4 20 DA E8 01 00 08 25 00 92
000010 72 BD 0F 09 50 72 6F 20 43 6F 6E 74 72 6F 6C 6C
000020 65 72 00 00 00 00 00 00 00 00 00 00 00 00 00 00
000030 00 00 00 00 00 00 00 00 00 00 00 00 00 00 00 00
000040 00 00 00 00 00 00 00 00 00 00 00 00 00 00 00 00
000050 00 00 00 00 00 00 00 00 00 00 00 00 00 00 00 00
000060 00 00 00 00 00 00 00 00 00 00 00 00 00 00 00 00
000070 00 00 00 00 00 00 00 00 00 00 00 00 00 00 00 00
000080 00 00 00 00 00 00 00 00 00 00 00 00 00 00 00 00
000090 00 00 00 00 00 00 00 00 00 00 00 00 00 00 00 00
0000A0 00 00 00 00 00 00 00 00 00 00 00 00 00 00 00 00
0000B0 00 00 00 00 00 00 00 00 00 00 00 00 00 00 00 00
0000C0 00 00 00 00 00 00 00 00 00 00 00 00 00 00 00 00
0000D0 00 00 00 00 00 00 00 00 00 00 00 00 00 00 00 00
0000E0 00 00 00 00 00 00 00 00 00 00 00 00 00 00 00 00
0000F0 00 00 00 00 00 00 00 00 00 00 00 00 00 00 00 00
000100 00 00
# BT_HCI_EVT_INQUIRY_RESULT
# Number of responce: 1
I 13.104027 000000 04 0E 04 05 04 04 00
# BT_HCI_EVT_CMD_COMPLETE
O 13.104978 000000 01 0C 20 02 00 01
I 13.105614 000000 04 0E 04 05 0C 20 00
# BT_HCI_EVT_CMD_COMPLETE
O 13.106224 000000 01 0B 20 07 00 00 04 12 00 00 01
I 13.106767 000000 04 0E 04 05 0B 20 00
# BT_HCI_EVT_CMD_COMPLETE
O 13.107273 000000 01 0C 20 02 01 01
I 13.107936 000000 04 0E 04 05 0C 20 00
# BT_HCI_EVT_CMD_COMPLETE
O 13.108478 000000 01 1B 04 02 81 00
I 13.108933 000000 04 0F 04 00 05 1B 04
# BT_HCI_EVT_CMD_STATUS
I 13.109354 000000 04 0B 0B 00 81 00 BF F8 CB FE CB EF 7B 87
# BT_HCI_EVT_REMOTE_FEATURES
# bt_hci_cmd_read_remote_ext_features
# bt_l2cap_cmd_ext_feat_mask_req
O 13.111210 000000 01 11 04 02 81 00
I 13.111622 000000 04 0F 04 00 05 11 04
# BT_HCI_EVT_CMD_STATUS
I 13.112132 000000 04 17 06 85 3A F4 20 DA E8
# BT_HCI_EVT_LINK_KEY_REQ
# bt_hci_cmd_link_key_neg_reply
O 13.113304 000000 01 1C 04 03 81 00 01
I 13.113759 000000 04 0F 04 00 05 1C 04
# BT_HCI_EVT_CMD_STATUS
O 13.114450 000000 02 81 20 0A 00 06 00 01 00 0A 00 02 00 02 00
O 13.115263 000000 01 0C 04 06 85 3A F4 20 DA E8
I 13.115656 000000 04 0E 0A 05 0C 04 00 85 3A F4 20 DA E8
# BT_HCI_EVT_CMD_COMPLETE
I 13.116549 000000 04 31 06 85 3A F4 20 DA E8
# BT_HCI_EVT_IO_CAPA_REQ
# bt_hci_cmd_io_capability_reply
O 13.117722 000000 01 2B 04 09 85 3A F4 20 DA E8 03 00 00
I 13.118301 000000 04 0E 0A 05 2B 04 00 85 3A F4 20 DA E8
# BT_HCI_EVT_CMD_COMPLETE
I 13.168368 000000 04 13 05 01 81 00 01 00
I 13.302157 000000 04 32 09 85 3A F4 20 DA E8 03 00 00
I 13.304717 000000 02 81 20 0C 00 08 00 01 00 0B 00 04 00 02 00 01
000010 00
# BT_L2CAP_INFO_RSP
I 13.878767 000000 04 33 0A 85 3A F4 20 DA E8 0F D5 07 00
# BT_HCI_EVT_USER_CONFIRM_REQ
# bt_hci_cmd_user_confirm_reply
O 13.879635 000000 01 2C 04 06 85 3A F4 20 DA E8
I 13.880163 000000 04 0E 0A 05 2C 04 00 85 3A F4 20 DA E8
# BT_HCI_EVT_CMD_COMPLETE
I 14.098882 000000 04 36 07 00 85 3A F4 20 DA E8
I 14.257412 000000 04 18 17 85 3A F4 20 DA E8 0F 9E 33 F1 36 E9 E2
000010 6C A8 B3 CB DD 5E F0 2E 65 04
# BT_HCI_EVT_LINK_KEY_NOTIFY
I 14.325895 000000 04 06 03 00 81 00
# BT_HCI_EVT_AUTH_COMPLETE
# dev: 0 Pairing done
# bt_hci_cmd_set_conn_encrypt
# bt_l2cap_cmd_hid_ctrl_conn_req
O 14.327393 000000 01 13 04 03 81 00 01
I 14.327870 000000 04 0F 04 00 05 13 04
# BT_HCI_EVT_CMD_STATUS
O 14.328403 000000 02 81 20 0C 00 08 00 01 00 02 01 04 00 11 00 80
000010 00
I 14.394724 000000 04 13 05 01 81 00 01 00
I 14.395223 000000 04 23 0D 00 81 00 01 02 01 00 00 00 00 00 00 00
# BT_HCI_EVT_REMOTE_EXT_FEATURES
I 14.620862 000000 04 08 04 00 81 00 01
# BT_HCI_EVT_ENCRYPT_CHANGE
I 14.763535 000000 02 81 20 10 00 0C 00 01 00 03 01 08 00 40 00 80
000010 00 00 00 00 00
# BT_L2CAP_CONN_RSP
O 14.764372 000000 02 81 20 0C 00 08 00 01 00 04 02 04 00 40 00 00
000010 00
I 14.828244 000000 04 13 05 01 81 00 01 00
I 14.829730 000000 02 81 20 10 00 0C 00 01 00 04 02 08 00 80 00 00
000010 00 01 02 20 03
# BT_L2CAP_CONF_REQ
O 14.830536 000000 02 81 20 12 00 0E 00 01 00 05 02 0A 00 40 00 00
000010 00 00 00 01 02 20 03
I 14.895752 000000 04 13 05 01 81 00 01 00
I 14.908446 000000 02 81 20 0E 00 0A 00 01 00 05 02 06 00 80 00 00
000010 00 00 00
# BT_L2CAP_CONF_RSP
# bt_l2cap_cmd_hid_intr_conn_req
O 14.909316 000000 02 81 20 0C 00 08 00 01 00 02 03 04 00 13 00 90
000010 00
I 14.975752 000000 04 13 05 01 81 00 01 00
I 14.977223 000000 02 81 20 10 00 0C 00 01 00 03 03 08 00 41 00 90
000010 00 00 00 00 00
# BT_L2CAP_CONN_RSP
O 14.978048 000000 02 81 20 0C 00 08 00 01 00 04 04 04 00 41 00 00
000010 00
I 15.044495 000000 04 13 05 01 81 00 01 00
I 15.045973 000000 02 81 20 10 00 0C 00 01 00 04 03 08 00 90 00 00
000010 00 01 02 20 03
# BT_L2CAP_CONF_REQ
O 15.046819 000000 02 81 20 12 00 0E 00 01 00 05 03 0A 00 41 00 00
I 15.047226 000000 02 81 20 0E 00 0A 00 01 00 05 04 06 00 90 00 00
000010 00 00 00
# BT_L2CAP_CONF_RSP
# bt_hid_sw_init
# bt_hci_cmd_qos_setup
O 15.049294 000000 01 07 08 14 81 00 00 02 00 00 00 00 00 00 00 00
000010 10 27 00 00 FF FF FF FF
I 15.050205 000000 04 0F 04 00 05 07 08
# BT_HCI_EVT_CMD_STATUS
I 15.050911 000000 04 0D 15 00 81 00 00 02 00 00 00 00 00 00 00 00
000010 10 27 00 00 FF FF FF FF
O 15.052007 000000 02 81 20 36 00 32 00 41 00 A2 01 00 00 00 00 00
000010 00 00 00 00 02 00 00 00 00 00 00 00 00 00 00 00
000020 00 00 00 00 00 00 00 00 00 00 00 00 00 00 00 00
000030 00 00 00 00 00 00 00 00 00 00 00
I 15.113246 000000 04 13 05 01 81 00 01 00
I 15.115729 000000 04 13 05 01 81 00 01 00
# wired_port_hdl: Update ports state: 0001
I 15.183502 000000 02 81 20 11 00 0D 00 90 00 A1 3F 00 00 08 30 00
000010 EF FF 10 00 FF FF
# bt_type_update: dev: 0 type: 5 subtype: 0
I 15.247265 000000 02 81 20 36 00 32 00 90 00 A1 21 15 40 00 00 00
000010 DA E7 80 C0 F7 7A 0F 82 02 03 49 03 02 E8 DA 20
000020 F4 3A 85 03 02 00 00 00 00 00 00 00 00 00 00 00
000030 00 00 00 00 00 00 00 00 00 00 00
I 15.249074 000000 04 14 06 00 81 00 02 18 00
O 15.249627 000000 02 81 20 36 00 32 00 41 00 A2 01 01 00 01 40 40
000010 00 01 40 40 02 00 00 00 00 00 00 00 00 00 00 00
000020 00 00 00 00 00 00 00 00 00 00 00 00 00 00 00 00
000030 00 00 00 00 00 00 00 00 00 00 00
I 15.255745 000000 04 13 05 01 81 00 01 00
I 15.258489 000000 02 81 20 11 00 0D 00 90 00 A1 3F 00 00 08 E0 7D
000010 2F 7F D0 7B 1F 85
I 15.259727 000000 02 81 20 11 00 0D 00 90 00 A1 3F 00 00 08 D0 7D
000010 2F 7F 10 7C 2F 85
I 15.261089 000000 02 81 20 11 00 0D 00 90 00 A1 3F 00 00 08 D0 7D
000010 2F 7F 10 7C 0F 85
I 15.270999 000000 02 81 20 36 00 32 00 90 00 A1 21 1F 40 00 00 00
000010 DE D7 80 C1 F7 7A 00 82 02 03 49 03 02 E8 DA 20
000020 F4 3A 85 03 02 00 00 00 00 00 00 00 00 00 00 00
000030 00 00 00 00 00 00 00 00 00 00 00
O 15.272634 000000 02 81 20 36 00 32 00 41 00 A2 01 02 00 01 40 40
000010 00 01 40 40 10 3D 60 00 00 12 00 00 00 00 00 00
000020 00 00 00 00 00 00 00 00 00 00 00 00 00 00 00 00
000030 00 00 00 00 00 00 00 00 00 00 00
I 15.286016 000000 02 81 20 11 00 0D 00 90 00 A1 3F 00 00 08 D0 7D
000010 4F 7F F0 7B FF 84
I 15.286956 000000 04 13 05 01 81 00 01 00
I 15.300978 000000 02 81 20 36 00 32 00 90 00 A1 21 25 40 00 00 00
000010 DD E7 80 C0 F7 7A 00 90 10 3D 60 00 00 12 F5 65
000020 64 E1 47 7F F8 D5 64 B1 67 79 F0 75 5F BC 75 62
000030 00 00 00 00 00 00 00 00 00 00 00
# BT_HIDP_SW_SUBCMD_READ_SPI 0x603D
# 000000 F5 65 64 E1 47 7F F8 D5 64 B1 67 79 F0 75 5F BC
# 000010 75 62
O 15.303737 000000 02 81 20 36 00 32 00 41 00 A2 01 03 00 01 40 40
000010 00 01 40 40 10 86 60 00 00 12 00 00 00 00 00 00
000020 00 00 00 00 00 00 00 00 00 00 00 00 00 00 00 00
000030 00 00 00 00 00 00 00 00 00 00 00
I 15.316003 000000 02 81 20 11 00 0D 00 90 00 A1 3F 00 00 08 D0 7D
000010 4F 7F 10 7C 1F 85
I 15.316940 000000 04 13 05 01 81 00 01 00
I 15.330978 000000 02 81 20 36 00 32 00 90 00 A1 21 2B 40 00 00 00
000010 DD E7 80 C0 07 7B 00 90 10 86 60 00 00 12 0F 30
000020 61 AE 90 D9 D4 14 54 41 15 54 C7 79 9C 33 36 63
000030 00 00 00 00 00 00 00 00 00 00 00
# BT_HIDP_SW_SUBCMD_READ_SPI 0x6086
# 000000 0F 30 61 AE 90 D9 D4 14 54 41 15 54 C7 79 9C 33
# 000010 36 63
O 15.333717 000000 02 81 20 36 00 32 00 41 00 A2 01 04 00 01 40 40
000010 00 01 40 40 10 98 60 00 00 12 00 00 00 00 00 00
000020 00 00 00 00 00 00 00 00 00 00 00 00 00 00 00 00
000030 00 00 00 00 00 00 00 00 00 00 00
I 15.346016 000000 02 81 20 11 00 0D 00 90 00 A1 3F 00 00 08 E0 7D
000010 4F 7F 10 7C 0F 85
I 15.346959 000000 04 13 05 01 81 00 01 00
I 15.360989 000000 02 81 20 36 00 32 00 90 00 A1 21 31 40 00 00 00
000010 DE E7 80 C0 E7 7A 00 90 10 98 60 00 00 12 0F 30
000020 61 AE 90 D9 D4 14 54 41 15 54 C7 79 9C 33 36 63
000030 00 00 00 00 00 00 00 00 00 00 00
# BT_HIDP_SW_SUBCMD_READ_SPI 0x6098
# 000000 0F 30 61 AE 90 D9 D4 14 54 41 15 54 C7 79 9C 33
# 000010 36 63
O 15.363733 000000 02 81 20 36 00 32 00 41 00 A2 01 05 00 01 40 40
000010 00 01 40 40 10 10 80 00 00 16 00 00 00 00 00 00
000020 00 00 00 00 00 00 00 00 00 00 00 00 00 00 00 00
000030 00 00 00 00 00 00 00 00 00 00 00
I 15.376003 000000 02 81 20 11 00 0D 00 90 00 A1 3F 00 00 08 E0 7D
000010 2F 7F 00 7C 1F 85
I 15.376942 000000 04 13 05 01 81 00 01 00
I 15.390978 000000 02 81 20 36 00 32 00 90 00 A1 21 37 40 00 00 00
000010 DC D7 80 C1 F7 7A 00 90 10 10 80 00 00 16 B2 A1
000020 0E 66 64 E4 C7 7D FC 85 63 B2 A1 B1 D7 78 F1 85
000030 61 02 26 64 00 00 00 00 00 00 00
# BT_HIDP_SW_SUBCMD_READ_SPI 0x8010
# 000000 B2 A1 0E 66 64 E4 C7 7D FC 85 63 B2 A1 B1 D7 78
# 000010 F1 85 61 02 26 64
# rel_min LX 5FC RX 5F1
# neutral LX 7E4 RX 7B1
# rel_max LX 60E RX 602
# rel_min LY 638 RY 618
# neutral LY 7DC RY 78D
# rel_max LY 646 RY 642
#         LD 0AE RD 0AE
O 15.395661 000000 02 81 20 36 00 32 00 41 00 A2 01 06 00 01 40 40
000010 00 01 40 40 48 01 00 00 00 00 00 00 00 00 00 00
000020 00 00 00 00 00 00 00 00 00 00 00 00 00 00 00 00
000030 00 00 00 00 00 00 00 00 00 00 00
I 15.406003 000000 02 81 20 11 00 0D 00 90 00 A1 3F 00 00 08 D0 7D
000010 3F 7F F0 7B 0F 85
I 15.406953 000000 04 13 05 01 81 00 01 00
I 15.420989 000000 02 81 20 36 00 32 00 90 00 A1 21 3D 40 00 00 00
000010 DD E7 80 C0 E7 7A 00 80 48 00 00 00 00 00 00 00
000020 00 00 00 00 00 00 00 00 00 00 00 00 00 00 00 00
000030 00 00 00 00 00 00 00 00 00 00 00
O 15.422607 000000 02 81 20 36 00 32 00 41 00 A2 01 07 00 01 40 40
000010 00 01 40 40 03 30 00 00 00 00 00 00 00 00 00 00
000020 00 00 00 00 00 00 00 00 00 00 00 00 00 00 00 00
000030 00 00 00 00 00 00 00 00 00 00 00
I 15.436016 000000 02 81 20 11 00 0D 00 90 00 A1 3F 00 00 08 C0 7D
000010 4F 7F 00 7C 0F 85
I 15.436966 000000 04 13 05 01 81 00 01 00
I 15.450979 000000 02 81 20 36 00 32 00 90 00 A1 21 43 40 00 00 00
000010 DD E7 80 C0 F7 7A 09 80 03 00 00 00 00 00 00 00
000020 00 00 00 00 00 00 00 00 00 00 00 00 00 00 00 00
000030 00 00 00 00 00 00 00 00 00 00 00
O 15.452580 000000 02 81 20 36 00 32 00 41 00 A2 01 08 00 01 40 40
000010 00 01 40 40 30 01 00 00 00 00 00 00 00 00 00 00
000020 00 00 00 00 00 00 00 00 00 00 00 00 00 00 00 00
000030 00 00 00 00 00 00 00 00 00 00 00
I 15.465738 000000 04 13 05 01 81 00 01 00
I 15.468477 000000 02 81 20 36 00 32 00 90 00 A1 30 46 40 00 00 00
000010 DD D7 80 BF F7 7A 09 00 00 00 00 00 00 00 00 00
000020 00 00 00 00 00 00 00 00 00 00 00 00 00 00 00 00
000030 00 00 00 00 00 00 00 00 00 00 00
# bt_type_update: dev: 0 type: 5 subtype: 0
I 15.480982 000000 02 81 20 36 00 32 00 90 00 A1 21 49 40 00 00 00
000010 DD C7 80 C0 E7 7A 09 80 30 00 00 00 00 00 00 00
000020 00 00 00 00 00 00 00 00 00 00 00 00 00 00 00 00
000030 00 00 00 00 00 00 00 00 00 00 00
I 15.510981 000000 02 81 20 36 00 32 00 90 00 A1 30 4C 40 00 00 00
000010 DD D7 80 C1 E7 7A 09 00 00 00 00 00 00 00 00 00
000020 00 00 00 00 00 00 00 00 00 00 00 00 00 00 00 00
000030 00 00 00 00 00 00 00 00 00 00 00
I 15.512508 000000 02 81 20 36 00 32 00 90 00 A1 30 4F 40 00 00 00
000010 DE D7 80 C1 07 7B 09 00 00 00 00 00 00 00 00 00
000020 00 00 00 00 00 00 00 00 00 00 00 00 00 00 00 00
000030 00 00 00 00 00 00 00 00 00 00 00
I 15.526003 000000 02 81 20 36 00 32 00 90 00 A1 30 52 40 00 00 00
000010 DD C7 80 BF E7 7A 09 00 00 00 00 00 00 00 00 00
000020 00 00 00 00 00 00 00 00 00 00 00 00 00 00 00 00
000030 00 00 00 00 00 00 00 00 00 00 00
I 15.540982 000000 02 81 20 36 00 32 00 90 00 A1 30 55 40 00 00 00
000010 DE E7 80 C2 F7 7A 09 00 00 00 00 00 00 00 00 00
000020 00 00 00 00 00 00 00 00 00 00 00 00 00 00 00 00
000030 00 00 00 00 00 00 00 00 00 00 00
I 15.555981 000000 02 81 20 36 00 32 00 90 00 A1 30 58 40 00 00 00
000010 DE B7 80 C2 D7 7A 09 00 00 00 00 00 00 00 00 00
000020 00 00 00 00 00 00 00 00 00 00 00 00 00 00 00 00
000030 00 00 00 00 00 00 00 00 00 00 00
I 15.570981 000000 02 81 20 36 00 32 00 90 00 A1 30 5B 40 00 00 00
000010 DE D7 80 C1 07 7B 09 00 00 00 00 00 00 00 00 00
000020 00 00 00 00 00 00 00 00 00 00 00 00 00 00 00 00
000030 00 00 00 00 00 00 00 00 00 00 00
I 15.601007 000000 02 81 20 36 00 32 00 90 00 A1 30 5E 40 00 00 00
000010 DD D7 80 C1 F7 7A 09 00 00 00 00 00 00 00 00 00
000020 00 00 00 00 00 00 00 00 00 00 00 00 00 00 00 00
000030 00 00 00 00 00 00 00 00 00 00 00
I 15.602893 000000 02 81 20 36 00 32 00 90 00 A1 30 61 40 00 00 00
000010 DD D7 80 C1 F7 7A 09 00 00 00 00 00 00 00 00 00
000020 00 00 00 00 00 00 00 00 00 00 00 00 00 00 00 00
000030 00 00 00 00 00 00 00 00 00 00 00
I 15.616003 000000 02 81 20 36 00 32 00 90 00 A1 30 64 40 00 00 00
000010 DD D7 80 C1 E7 7A 09 00 00 00 00 00 00 00 00 00
000020 00 00 00 00 00 00 00 00 00 00 00 00 00 00 00 00
000030 00 00 00 00 00 00 00 00 00 00 00
I 15.632233 000000 02 81 20 36 00 32 00 90 00 A1 30 67 40 00 00 00
000010 DE E7 80 C1 F7 7A 09 00 00 00 00 00 00 00 00 00
000020 00 00 00 00 00 00 00 00 00 00 00 00 00 00 00 00
000030 00 00 00 00 00 00 00 00 00 00 00
I 15.645981 000000 02 81 20 36 00 32 00 90 00 A1 30 6A 40 00 00 00
000010 DE D7 80 C1 F7 7A 09 00 00 00 00 00 00 00 00 00
000020 00 00 00 00 00 00 00 00 00 00 00 00 00 00 00 00
000030 00 00 00 00 00 00 00 00 00 00 00
I 15.660983 000000 02 81 20 36 00 32 00 90 00 A1 30 6D 40 00 00 00
000010 DD E7 80 C1 07 7B 09 00 00 00 00 00 00 00 00 00
000020 00 00 00 00 00 00 00 00 00 00 00 00 00 00 00 00
000030 00 00 00 00 00 00 00 00 00 00 00
I 15.691003 000000 02 81 20 36 00 32 00 90 00 A1 30 70 40 00 00 00
000010 DD D7 80 C1 F7 7A 09 00 00 00 00 00 00 00 00 00
000020 00 00 00 00 00 00 00 00 00 00 00 00 00 00 00 00
000030 00 00 00 00 00 00 00 00 00 00 00
I 15.692842 000000 02 81 20 36 00 32 00 90 00 A1 30 73 40 00 00 00
000010 DE D7 80 C0 07 7B 09 00 00 00 00 00 00 00 00 00
000020 00 00 00 00 00 00 00 00 00 00 00 00 00 00 00 00
000030 00 00 00 00 00 00 00 00 00 00 00
I 15.705999 000000 02 81 20 36 00 32 00 90 00 A1 30 76 40 00 00 00
000010 DE C7 80 C0 F7 7A 09 00 00 00 00 00 00 00 00 00
000020 00 00 00 00 00 00 00 00 00 00 00 00 00 00 00 00
000030 00 00 00 00 00 00 00 00 00 00 00
I 15.720982 000000 02 81 20 36 00 32 00 90 00 A1 30 79 40 00 00 00
000010 DD D7 80 C1 F7 7A 09 00 00 00 00 00 00 00 00 00
000020 00 00 00 00 00 00 00 00 00 00 00 00 00 00 00 00
000030 00 00 00 00 00 00 00 00 00 00 00
I 15.735982 000000 02 81 20 36 00 32 00 90 00 A1 30 7C 40 00 00 00
000010 DD D7 80 BF D7 7A 09 00 00 00 00 00 00 00 00 00
000020 00 00 00 00 00 00 00 00 00 00 00 00 00 00 00 00
000030 00 00 00 00 00 00 00 00 00 00 00
I 15.750981 000000 02 81 20 36 00 32 00 90 00 A1 30 7F 40 00 00 00
000010 DD D7 80 C1 07 7B 09 00 00 00 00 00 00 00 00 00
000020 00 00 00 00 00 00 00 00 00 00 00 00 00 00 00 00
000030 00 00 00 00 00 00 00 00 00 00 00
I 15.765999 000000 02 81 20 36 00 32 00 90 00 A1 30 82 40 00 00 00
000010 DC C7 80 C0 E7 7A 09 00 00 00 00 00 00 00 00 00
000020 00 00 00 00 00 00 00 00 00 00 00 00 00 00 00 00
000030 00 00 00 00 00 00 00 00 00 00 00
I 15.780999 000000 02 81 20 36 00 32 00 90 00 A1 30 85 40 00 00 00
000010 DD D7 80 C0 E7 7A 09 00 00 00 00 00 00 00 00 00
000020 00 00 00 00 00 00 00 00 00 00 00 00 00 00 00 00
000030 00 00 00 00 00 00 00 00 00 00 00
I 15.795983 000000 02 81 20 36 00 32 00 90 00 A1 30 88 40 00 00 00
000010 DC D7 80 C2 E7 7A 09 00 00 00 00 00 00 00 00 00
000020 00 00 00 00 00 00 00 00 00 00 00 00 00 00 00 00
000030 00 00 00 00 00 00 00 00 00 00 00
I 15.810983 000000 02 81 20 36 00 32 00 90 00 A1 30 8B 40 00 00 00
000010 DC C7 80 C1 07 7B 09 00 00 00 00 00 00 00 00 00
000020 00 00 00 00 00 00 00 00 00 00 00 00 00 00 00 00
000030 00 00 00 00 00 00 00 00 00 00 00
I 15.825982 000000 02 81 20 36 00 32 00 90 00 A1 30 8E 40 00 00 00
000010 DE D7 80 C1 F7 7A 09 00 00 00 00 00 00 00 00 00
000020 00 00 00 00 00 00 00 00 00 00 00 00 00 00 00 00
000030 00 00 00 00 00 00 00 00 00 00 00
I 15.840999 000000 02 81 20 36 00 32 00 90 00 A1 30 91 40 00 00 00
000010 DD D7 80 C1 F7 7A 09 00 00 00 00 00 00 00 00 00
000020 00 00 00 00 00 00 00 00 00 00 00 00 00 00 00 00
000030 00 00 00 00 00 00 00 00 00 00 00
I 15.855999 000000 02 81 20 36 00 32 00 90 00 A1 30 94 40 00 00 00
000010 DD D7 80 C1 F7 7A 09 00 00 00 00 00 00 00 00 00
000020 00 00 00 00 00 00 00 00 00 00 00 00 00 00 00 00
000030 00 00 00 00 00 00 00 00 00 00 00
I 15.870981 000000 02 81 20 36 00 32 00 90 00 A1 30 97 40 00 00 00
000010 DD D7 80 C0 F7 7A 09 00 00 00 00 00 00 00 00 00
000020 00 00 00 00 00 00 00 00 00 00 00 00 00 00 00 00
000030 00 00 00 00 00 00 00 00 00 00 00
I 15.885982 000000 02 81 20 36 00 32 00 90 00 A1 30 9A 40 00 00 00
000010 DD D7 80 C0 E7 7A 09 00 00 00 00 00 00 00 00 00
000020 00 00 00 00 00 00 00 00 00 00 00 00 00 00 00 00
000030 00 00 00 00 00 00 00 00 00 00 00
I 15.900982 000000 02 81 20 36 00 32 00 90 00 A1 30 9D 40 00 00 00
000010 DE C7 80 C0 07 7B 09 00 00 00 00 00 00 00 00 00
000020 00 00 00 00 00 00 00 00 00 00 00 00 00 00 00 00
000030 00 00 00 00 00 00 00 00 00 00 00
I 15.915999 000000 02 81 20 36 00 32 00 90 00 A1 30 A0 40 00 00 00
000010 DE D7 80 C1 F7 7A 09 00 00 00 00 00 00 00 00 00
000020 00 00 00 00 00 00 00 00 00 00 00 00 00 00 00 00
000030 00 00 00 00 00 00 00 00 00 00 00
I 15.947232 000000 02 81 20 36 00 32 00 90 00 A1 30 A3 40 00 00 00
000010 DD E7 80 C1 F7 7A 09 00 00 00 00 00 00 00 00 00
000020 00 00 00 00 00 00 00 00 00 00 00 00 00 00 00 00
000030 00 00 00 00 00 00 00 00 00 00 00
I 15.949038 000000 02 81 20 36 00 32 00 90 00 A1 30 A6 40 00 00 00
000010 DE C7 80 C0 07 7B 09 00 00 00 00 00 00 00 00 00
000020 00 00 00 00 00 00 00 00 00 00 00 00 00 00 00 00
000030 00 00 00 00 00 00 00 00 00 00 00
I 15.960983 000000 02 81 20 36 00 32 00 90 00 A1 30 A9 40 00 00 00
000010 DD E7 80 C1 07 7B 09 00 00 00 00 00 00 00 00 00
000020 00 00 00 00 00 00 00 00 00 00 00 00 00 00 00 00
000030 00 00 00 00 00 00 00 00 00 00 00
I 15.975983 000000 02 81 20 36 00 32 00 90 00 A1 30 AC 40 00 00 00
000010 DD D7 80 C0 07 7B 09 00 00 00 00 00 00 00 00 00
000020 00 00 00 00 00 00 00 00 00 00 00 00 00 00 00 00
000030 00 00 00 00 00 00 00 00 00 00 00
I 15.990999 000000 02 81 20 36 00 32 00 90 00 A1 30 AF 40 00 00 00
000010 DE D7 80 C0 07 7B 09 00 00 00 00 00 00 00 00 00
000020 00 00 00 00 00 00 00 00 00 00 00 00 00 00 00 00
000030 00 00 00 00 00 00 00 00 00 00 00
I 16.005999 000000 02 81 20 36 00 32 00 90 00 A1 30 B2 40 00 00 00
000010 DE D7 80 C1 F7 7A 09 00 00 00 00 00 00 00 00 00
000020 00 00 00 00 00 00 00 00 00 00 00 00 00 00 00 00
000030 00 00 00 00 00 00 00 00 00 00 00
I 16.020983 000000 02 81 20 36 00 32 00 90 00 A1 30 B5 40 00 00 00
000010 DD D7 80 C0 F7 7A 09 00 00 00 00 00 00 00 00 00
000020 00 00 00 00 00 00 00 00 00 00 00 00 00 00 00 00
000030 00 00 00 00 00 00 00 00 00 00 00
I 16.035982 000000 02 81 20 36 00 32 00 90 00 A1 30 B8 40 00 00 00
000010 DD D7 80 C0 07 7B 09 00 00 00 00 00 00 00 00 00
000020 00 00 00 00 00 00 00 00 00 00 00 00 00 00 00 00
000030 00 00 00 00 00 00 00 00 00 00 00
I 16.050983 000000 02 81 20 36 00 32 00 90 00 A1 30 BB 40 00 00 00
000010 DC B7 80 C0 E7 7A 09 00 00 00 00 00 00 00 00 00
000020 00 00 00 00 00 00 00 00 00 00 00 00 00 00 00 00
000030 00 00 00 00 00 00 00 00 00 00 00
I 16.065998 000000 02 81 20 36 00 32 00 90 00 A1 30 BE 40 00 00 00
000010 DC C7 80 C0 F7 7A 09 00 00 00 00 00 00 00 00 00
000020 00 00 00 00 00 00 00 00 00 00 00 00 00 00 00 00
000030 00 00 00 00 00 00 00 00 00 00 00
I 16.080999 000000 02 81 20 36 00 32 00 90 00 A1 30 C1 40 00 00 00
000010 DD C7 80 C0 F7 7A 09 00 00 00 00 00 00 00 00 00
000020 00 00 00 00 00 00 00 00 00 00 00 00 00 00 00 00
000030 00 00 00 00 00 00 00 00 00 00 00
I 16.110981 000000 02 81 20 36 00 32 00 90 00 A1 30 C4 40 00 00 00
000010 DD E7 80 C2 F7 7A 09 00 00 00 00 00 00 00 00 00
000020 00 00 00 00 00 00 00 00 00 00 00 00 00 00 00 00
000030 00 00 00 00 00 00 00 00 00 00 00
I 16.112804 000000 02 81 20 36 00 32 00 90 00 A1 30 C7 40 00 00 00
000010 DE E7 80 C0 F7 7A 09 00 00 00 00 00 00 00 00 00
000020 00 00 00 00 00 00 00 00 00 00 00 00 00 00 00 00
000030 00 00 00 00 00 00 00 00 00 00 00
I 16.125980 000000 02 81 20 36 00 32 00 90 00 A1 30 CA 40 00 00 00
000010 DD C7 80 C0 F7 7A 09 00 00 00 00 00 00 00 00 00
000020 00 00 00 00 00 00 00 00 00 00 00 00 00 00 00 00
000030 00 00 00 00 00 00 00 00 00 00 00
I 16.140999 000000 02 81 20 36 00 32 00 90 00 A1 30 CD 40 00 00 00
000010 DD E7 80 C1 F7 7A 09 00 00 00 00 00 00 00 00 00
000020 00 00 00 00 00 00 00 00 00 00 00 00 00 00 00 00
000030 00 00 00 00 00 00 00 00 00 00 00
I 16.155998 000000 02 81 20 36 00 32 00 90 00 A1 30 D0 40 00 00 00
000010 DC E7 80 C1 F7 7A 09 00 00 00 00 00 00 00 00 00
000020 00 00 00 00 00 00 00 00 00 00 00 00 00 00 00 00
000030 00 00 00 00 00 00 00 00 00 00 00
I 16.170982 000000 02 81 20 36 00 32 00 90 00 A1 30 D3 40 00 00 00
000010 DD B7 80 C0 F7 7A 09 00 00 00 00 00 00 00 00 00
000020 00 00 00 00 00 00 00 00 00 00 00 00 00 00 00 00
000030 00 00 00 00 00 00 00 00 00 00 00
I 16.185982 000000 02 81 20 36 00 32 00 90 00 A1 30 D6 40 00 00 00
000010 DD D7 80 C0 F7 7A 09 00 00 00 00 00 00 00 00 00
000020 00 00 00 00 00 00 00 00 00 00 00 00 00 00 00 00
000030 00 00 00 00 00 00 00 00 00 00 00
I 16.200983 000000 02 81 20 36 00 32 00 90 00 A1 30 D9 40 00 00 00
000010 DE D7 80 C1 07 7B 09 00 00 00 00 00 00 00 00 00
000020 00 00 00 00 00 00 00 00 00 00 00 00 00 00 00 00
000030 00 00 00 00 00 00 00 00 00 00 00
I 16.216000 000000 02 81 20 36 00 32 00 90 00 A1 30 DC 40 00 00 00
000010 DE D7 80 C1 F7 7A 09 00 00 00 00 00 00 00 00 00
000020 00 00 00 00 00 00 00 00 00 00 00 00 00 00 00 00
000030 00 00 00 00 00 00 00 00 00 00 00
I 16.245981 000000 02 81 20 36 00 32 00 90 00 A1 30 DF 40 00 00 00
000010 DD D7 80 C2 F7 7A 09 00 00 00 00 00 00 00 00 00
000020 00 00 00 00 00 00 00 00 00 00 00 00 00 00 00 00
000030 00 00 00 00 00 00 00 00 00 00 00
I 16.247787 000000 02 81 20 36 00 32 00 90 00 A1 30 E2 40 00 00 00
000010 DE E7 80 C1 07 7B 09 00 00 00 00 00 00 00 00 00
000020 00 00 00 00 00 00 00 00 00 00 00 00 00 00 00 00
000030 00 00 00 00 00 00 00 00 00 00 00
I 16.260983 000000 02 81 20 36 00 32 00 90 00 A1 30 E5 40 00 00 00
000010 DE C7 80 BF F7 7A 09 00 00 00 00 00 00 00 00 00
000020 00 00 00 00 00 00 00 00 00 00 00 00 00 00 00 00
000030 00 00 00 00 00 00 00 00 00 00 00
I 16.275984 000000 02 81 20 36 00 32 00 90 00 A1 30 E8 40 00 00 00
000010 DE D7 80 C1 F7 7A 09 00 00 00 00 00 00 00 00 00
000020 00 00 00 00 00 00 00 00 00 00 00 00 00 00 00 00
000030 00 00 00 00 00 00 00 00 00 00 00
I 16.290998 000000 02 81 20 36 00 32 00 90 00 A1 30 EB 40 00 00 00
000010 DE D7 80 C1 F7 7A 09 00 00 00 00 00 00 00 00 00
000020 00 00 00 00 00 00 00 00 00 00 00 00 00 00 00 00
000030 00 00 00 00 00 00 00 00 00 00 00
I 16.305983 000000 02 81 20 36 00 32 00 90 00 A1 30 EE 40 00 00 00
000010 DD C7 80 C0 07 7B 09 00 00 00 00 00 00 00 00 00
000020 00 00 00 00 00 00 00 00 00 00 00 00 00 00 00 00
000030 00 00 00 00 00 00 00 00 00 00 00
I 16.335989 000000 02 81 20 36 00 32 00 90 00 A1 30 F1 40 00 00 00
000010 DE D7 80 C1 17 7B 09 00 00 00 00 00 00 00 00 00
000020 00 00 00 00 00 00 00 00 00 00 00 00 00 00 00 00
000030 00 00 00 00 00 00 00 00 00 00 00
I 16.337809 000000 02 81 20 36 00 32 00 90 00 A1 30 F4 40 00 00 00
000010 DD E7 80 C1 F7 7A 09 00 00 00 00 00 00 00 00 00
000020 00 00 00 00 00 00 00 00 00 00 00 00 00 00 00 00
000030 00 00 00 00 00 00 00 00 00 00 00
I 16.350981 000000 02 81 20 36 00 32 00 90 00 A1 30 F7 40 00 00 00
000010 DE D7 80 C0 F7 7A 09 00 00 00 00 00 00 00 00 00
000020 00 00 00 00 00 00 00 00 00 00 00 00 00 00 00 00
000030 00 00 00 00 00 00 00 00 00 00 00
I 16.365982 000000 02 81 20 36 00 32 00 90 00 A1 30 FA 40 00 00 00
000010 DE E7 80 C0 F7 7A 09 00 00 00 00 00 00 00 00 00
000020 00 00 00 00 00 00 00 00 00 00 00 00 00 00 00 00
000030 00 00 00 00 00 00 00 00 00 00 00
I 16.396000 000000 02 81 20 36 00 32 00 90 00 A1 30 FD 40 00 00 00
000010 DE E7 80 C1 E7 7A 09 00 00 00 00 00 00 00 00 00
000020 00 00 00 00 00 00 00 00 00 00 00 00 00 00 00 00
000030 00 00 00 00 00 00 00 00 00 00 00
I 16.410982 000000 02 81 20 36 00 32 00 90 00 A1 30 00 40 00 00 00
000010 DD E7 80 C1 07 7B 09 00 00 00 00 00 00 00 00 00
000020 00 00 00 00 00 00 00 00 00 00 00 00 00 00 00 00
000030 00 00 00 00 00 00 00 00 00 00 00
I 16.412788 000000 02 81 20 36 00 32 00 90 00 A1 30 03 40 00 00 00
000010 DE D7 80 C1 F7 7A 09 00 00 00 00 00 00 00 00 00
000020 00 00 00 00 00 00 00 00 00 00 00 00 00 00 00 00
000030 00 00 00 00 00 00 00 00 00 00 00
I 16.425982 000000 02 81 20 36 00 32 00 90 00 A1 30 06 40 00 00 00
000010 DD D7 80 C1 07 7B 09 00 00 00 00 00 00 00 00 00
000020 00 00 00 00 00 00 00 00 00 00 00 00 00 00 00 00
000030 00 00 00 00 00 00 00 00 00 00 00
I 16.440983 000000 02 81 20 36 00 32 00 90 00 A1 30 09 40 00 00 00
000010 DD D7 80 C0 F7 7A 09 00 00 00 00 00 00 00 00 00
000020 00 00 00 00 00 00 00 00 00 00 00 00 00 00 00 00
000030 00 00 00 00 00 00 00 00 00 00 00
I 16.455999 000000 02 81 20 36 00 32 00 90 00 A1 30 0C 40 00 00 00
000010 DC E7 80 C0 07 7B 09 00 00 00 00 00 00 00 00 00
000020 00 00 00 00 00 00 00 00 00 00 00 00 00 00 00 00
000030 00 00 00 00 00 00 00 00 00 00 00
I 16.470999 000000 02 81 20 36 00 32 00 90 00 A1 30 0F 40 00 00 00
000010 DE D7 80 C1 F7 7A 09 00 00 00 00 00 00 00 00 00
000020 00 00 00 00 00 00 00 00 00 00 00 00 00 00 00 00
000030 00 00 00 00 00 00 00 00 00 00 00
I 16.485981 000000 02 81 20 36 00 32 00 90 00 A1 30 12 40 00 00 00
000010 DE F7 80 C1 07 7B 09 00 00 00 00 00 00 00 00 00
000020 00 00 00 00 00 00 00 00 00 00 00 00 00 00 00 00
000030 00 00 00 00 00 00 00 00 00 00 00
I 16.500982 000000 02 81 20 36 00 32 00 90 00 A1 30 15 40 00 00 00
000010 DE D7 80 C0 F7 7A 09 00 00 00 00 00 00 00 00 00
000020 00 00 00 00 00 00 00 00 00 00 00 00 00 00 00 00
000030 00 00 00 00 00 00 00 00 00 00 00
I 16.546000 000000 02 81 20 36 00 32 00 90 00 A1 30 18 40 00 00 00
000010 DE F7 80 C1 F7 7A 09 00 00 00 00 00 00 00 00 00
000020 00 00 00 00 00 00 00 00 00 00 00 00 00 00 00 00
000030 00 00 00 00 00 00 00 00 00 00 00
I 16.547796 000000 02 81 20 36 00 32 00 90 00 A1 30 1B 40 00 00 00
000010 DE D7 80 C1 F7 7A 09 00 00 00 00 00 00 00 00 00
000020 00 00 00 00 00 00 00 00 00 00 00 00 00 00 00 00
000030 00 00 00 00 00 00 00 00 00 00 00
I 16.550146 000000 02 81 20 36 00 32 00 90 00 A1 30 1E 40 00 00 00
000010 DE E7 80 C1 F7 7A 09 00 00 00 00 00 00 00 00 00
000020 00 00 00 00 00 00 00 00 00 00 00 00 00 00 00 00
000030 00 00 00 00 00 00 00 00 00 00 00
I 16.575981 000000 02 81 20 36 00 32 00 90 00 A1 30 21 40 00 00 00
000010 DD D7 80 C1 E7 7A 09 00 00 00 00 00 00 00 00 00
000020 00 00 00 00 00 00 00 00 00 00 00 00 00 00 00 00
000030 00 00 00 00 00 00 00 00 00 00 00
I 16.577787 000000 02 81 20 36 00 32 00 90 00 A1 30 24 40 00 00 00
000010 DD E7 80 C1 F7 7A 09 00 00 00 00 00 00 00 00 00
000020 00 00 00 00 00 00 00 00 00 00 00 00 00 00 00 00
000030 00 00 00 00 00 00 00 00 00 00 00
I 16.590981 000000 02 81 20 36 00 32 00 90 00 A1 30 27 40 00 00 00
000010 DC C7 80 C1 E7 7A 09 00 00 00 00 00 00 00 00 00
000020 00 00 00 00 00 00 00 00 00 00 00 00 00 00 00 00
000030 00 00 00 00 00 00 00 00 00 00 00
I 16.605999 000000 02 81 20 36 00 32 00 90 00 A1 30 2A 40 00 00 00
000010 DD C7 80 C0 F7 7A 09 00 00 00 00 00 00 00 00 00
000020 00 00 00 00 00 00 00 00 00 00 00 00 00 00 00 00
000030 00 00 00 00 00 00 00 00 00 00 00
I 16.620998 000000 02 81 20 36 00 32 00 90 00 A1 30 2D 40 00 00 00
000010 DD C7 80 C1 E7 7A 09 00 00 00 00 00 00 00 00 00
000020 00 00 00 00 00 00 00 00 00 00 00 00 00 00 00 00
000030 00 00 00 00 00 00 00 00 00 00 00
I 16.635983 000000 02 81 20 36 00 32 00 90 00 A1 30 30 40 00 00 00
000010 DD E7 80 C1 07 7B 09 00 00 00 00 00 00 00 00 00
000020 00 00 00 00 00 00 00 00 00 00 00 00 00 00 00 00
000030 00 00 00 00 00 00 00 00 00 00 00
I 16.650982 000000 02 81 20 36 00 32 00 90 00 A1 30 33 40 00 00 00
000010 DD E7 80 C1 F7 7A 09 00 00 00 00 00 00 00 00 00
000020 00 00 00 00 00 00 00 00 00 00 00 00 00 00 00 00
000030 00 00 00 00 00 00 00 00 00 00 00
I 16.665981 000000 02 81 20 36 00 32 00 90 00 A1 30 36 40 00 00 00
000010 DD E7 80 BF E7 7A 09 00 00 00 00 00 00 00 00 00
000020 00 00 00 00 00 00 00 00 00 00 00 00 00 00 00 00
000030 00 00 00 00 00 00 00 00 00 00 00
I 16.681000 000000 02 81 20 36 00 32 00 90 00 A1 30 39 40 00 00 00
000010 DE C7 80 BF F7 7A 09 00 00 00 00 00 00 00 00 00
000020 00 00 00 00 00 00 00 00 00 00 00 00 00 00 00 00
000030 00 00 00 00 00 00 00 00 00 00 00
I 16.695999 000000 02 81 20 36 00 32 00 90 00 A1 30 3C 40 00 00 00
000010 DE D7 80 C0 07 7B 09 00 00 00 00 00 00 00 00 00
000020 00 00 00 00 00 00 00 00 00 00 00 00 00 00 00 00
000030 00 00 00 00 00 00 00 00 00 00 00
I 16.710981 000000 02 81 20 36 00 32 00 90 00 A1 30 3F 40 00 00 00
000010 DE C7 80 BF F7 7A 09 00 00 00 00 00 00 00 00 00
000020 00 00 00 00 00 00 00 00 00 00 00 00 00 00 00 00
000030 00 00 00 00 00 00 00 00 00 00 00
I 16.725983 000000 02 81 20 36 00 32 00 90 00 A1 30 42 40 00 00 00
000010 DD C7 80 C1 F7 7A 09 00 00 00 00 00 00 00 00 00
000020 00 00 00 00 00 00 00 00 00 00 00 00 00 00 00 00
000030 00 00 00 00 00 00 00 00 00 00 00
I 16.740980 000000 02 81 20 36 00 32 00 90 00 A1 30 45 40 00 00 00
000010 DD C7 80 C1 F7 7A 09 00 00 00 00 00 00 00 00 00
000020 00 00 00 00 00 00 00 00 00 00 00 00 00 00 00 00
000030 00 00 00 00 00 00 00 00 00 00 00
I 16.755999 000000 02 81 20 36 00 32 00 90 00 A1 30 48 40 00 00 00
000010 DD D7 80 C0 F7 7A 09 00 00 00 00 00 00 00 00 00
000020 00 00 00 00 00 00 00 00 00 00 00 00 00 00 00 00
000030 00 00 00 00 00 00 00 00 00 00 00
I 16.771000 000000 02 81 20 36 00 32 00 90 00 A1 30 4B 40 00 00 00
000010 DD C7 80 C0 F7 7A 09 00 00 00 00 00 00 00 00 00
000020 00 00 00 00 00 00 00 00 00 00 00 00 00 00 00 00
000030 00 00 00 00 00 00 00 00 00 00 00
I 16.785982 000000 02 81 20 36 00 32 00 90 00 A1 30 4E 40 00 00 00
000010 DE E7 80 C0 E7 7A 09 00 00 00 00 00 00 00 00 00
000020 00 00 00 00 00 00 00 00 00 00 00 00 00 00 00 00
000030 00 00 00 00 00 00 00 00 00 00 00
I 16.802237 000000 02 81 20 36 00 32 00 90 00 A1 30 51 40 00 00 00
000010 DD D7 80 C0 E7 7A 09 00 00 00 00 00 00 00 00 00
000020 00 00 00 00 00 00 00 00 00 00 00 00 00 00 00 00
000030 00 00 00 00 00 00 00 00 00 00 00
I 16.815989 000000 02 81 20 36 00 32 00 90 00 A1 30 54 40 00 00 00
000010 DD C7 80 C1 07 7B 09 00 00 00 00 00 00 00 00 00
000020 00 00 00 00 00 00 00 00 00 00 00 00 00 00 00 00
000030 00 00 00 00 00 00 00 00 00 00 00
I 16.831003 000000 02 81 20 36 00 32 00 90 00 A1 30 57 40 00 00 00
000010 DD C7 80 C1 F7 7A 09 00 00 00 00 00 00 00 00 00
000020 00 00 00 00 00 00 00 00 00 00 00 00 00 00 00 00
000030 00 00 00 00 00 00 00 00 00 00 00
I 16.846001 000000 02 81 20 36 00 32 00 90 00 A1 30 5A 40 00 00 00
000010 DE D7 80 C1 F7 7A 09 00 00 00 00 00 00 00 00 00
000020 00 00 00 00 00 00 00 00 00 00 00 00 00 00 00 00
000030 00 00 00 00 00 00 00 00 00 00 00
I 16.860983 000000 02 81 20 36 00 32 00 90 00 A1 30 5D 40 00 00 00
000010 DF D7 80 C1 F7 7A 09 00 00 00 00 00 00 00 00 00
000020 00 00 00 00 00 00 00 00 00 00 00 00 00 00 00 00
000030 00 00 00 00 00 00 00 00 00 00 00
I 16.875982 000000 02 81 20 36 00 32 00 90 00 A1 30 60 40 00 00 00
000010 DD D7 80 C1 F7 7A 09 00 00 00 00 00 00 00 00 00
000020 00 00 00 00 00 00 00 00 00 00 00 00 00 00 00 00
000030 00 00 00 00 00 00 00 00 00 00 00
I 16.890982 000000 02 81 20 36 00 32 00 90 00 A1 30 63 40 00 00 00
000010 DD C7 80 C0 F7 7A 09 00 00 00 00 00 00 00 00 00
000020 00 00 00 00 00 00 00 00 00 00 00 00 00 00 00 00
000030 00 00 00 00 00 00 00 00 00 00 00
I 16.906000 000000 02 81 20 36 00 32 00 90 00 A1 30 66 40 00 00 00
000010 DD E7 80 C0 F7 7A 09 00 00 00 00 00 00 00 00 00
000020 00 00 00 00 00 00 00 00 00 00 00 00 00 00 00 00
000030 00 00 00 00 00 00 00 00 00 00 00
I 16.921000 000000 02 81 20 36 00 32 00 90 00 A1 30 69 40 00 00 00
000010 DD D7 80 C0 E7 7A 09 00 00 00 00 00 00 00 00 00
000020 00 00 00 00 00 00 00 00 00 00 00 00 00 00 00 00
000030 00 00 00 00 00 00 00 00 00 00 00
I 16.935982 000000 02 81 20 36 00 32 00 90 00 A1 30 6C 40 00 00 00
000010 DE D7 80 C1 07 7B 09 00 00 00 00 00 00 00 00 00
000020 00 00 00 00 00 00 00 00 00 00 00 00 00 00 00 00
000030 00 00 00 00 00 00 00 00 00 00 00
I 16.953482 000000 02 81 20 36 00 32 00 90 00 A1 30 6F 40 00 00 00
000010 DD E7 80 C0 E7 7A 09 00 00 00 00 00 00 00 00 00
000020 00 00 00 00 00 00 00 00 00 00 00 00 00 00 00 00
000030 00 00 00 00 00 00 00 00 00 00 00
I 16.965981 000000 02 81 20 36 00 32 00 90 00 A1 30 72 40 00 00 00
000010 DE D7 80 C2 07 7B 09 00 00 00 00 00 00 00 00 00
000020 00 00 00 00 00 00 00 00 00 00 00 00 00 00 00 00
000030 00 00 00 00 00 00 00 00 00 00 00
I 16.981001 000000 02 81 20 36 00 32 00 90 00 A1 30 75 40 00 00 00
000010 DD C7 80 C0 F7 7A 09 00 00 00 00 00 00 00 00 00
000020 00 00 00 00 00 00 00 00 00 00 00 00 00 00 00 00
000030 00 00 00 00 00 00 00 00 00 00 00
I 16.996000 000000 02 81 20 36 00 32 00 90 00 A1 30 78 40 00 00 00
000010 DE C7 80 C0 F7 7A 09 00 00 00 00 00 00 00 00 00
000020 00 00 00 00 00 00 00 00 00 00 00 00 00 00 00 00
000030 00 00 00 00 00 00 00 00 00 00 00
I 17.010984 000000 02 81 20 36 00 32 00 90 00 A1 30 7B 40 00 00 00
000010 DE D7 80 C0 F7 7A 09 00 00 00 00 00 00 00 00 00
000020 00 00 00 00 00 00 00 00 00 00 00 00 00 00 00 00
000030 00 00 00 00 00 00 00 00 00 00 00
I 17.025980 000000 02 81 20 36 00 32 00 90 00 A1 30 7E 40 00 00 00
000010 DE D7 80 C0 F7 7A 09 00 00 00 00 00 00 00 00 00
000020 00 00 00 00 00 00 00 00 00 00 00 00 00 00 00 00
000030 00 00 00 00 00 00 00 00 00 00 00
I 17.040981 000000 02 81 20 36 00 32 00 90 00 A1 30 81 40 00 00 00
000010 DD D7 80 C0 E7 7A 09 00 00 00 00 00 00 00 00 00
000020 00 00 00 00 00 00 00 00 00 00 00 00 00 00 00 00
000030 00 00 00 00 00 00 00 00 00 00 00
I 17.056000 000000 02 81 20 36 00 32 00 90 00 A1 30 84 40 00 00 00
000010 DD D7 80 C1 07 7B 09 00 00 00 00 00 00 00 00 00
000020 00 00 00 00 00 00 00 00 00 00 00 00 00 00 00 00
000030 00 00 00 00 00 00 00 00 00 00 00
I 17.070999 000000 02 81 20 36 00 32 00 90 00 A1 30 87 40 00 00 00
000010 DD C7 80 C0 F7 7A 09 00 00 00 00 00 00 00 00 00
000020 00 00 00 00 00 00 00 00 00 00 00 00 00 00 00 00
000030 00 00 00 00 00 00 00 00 00 00 00
I 17.087233 000000 02 81 20 36 00 32 00 90 00 A1 30 8A 40 00 00 00
000010 DD D7 80 C1 F7 7A 09 00 00 00 00 00 00 00 00 00
000020 00 00 00 00 00 00 00 00 00 00 00 00 00 00 00 00
000030 00 00 00 00 00 00 00 00 00 00 00
I 17.100981 000000 02 81 20 36 00 32 00 90 00 A1 30 8D 40 00 00 00
000010 DE D7 80 C1 07 7B 09 00 00 00 00 00 00 00 00 00
000020 00 00 00 00 00 00 00 00 00 00 00 00 00 00 00 00
000030 00 00 00 00 00 00 00 00 00 00 00
I 17.132233 000000 02 81 20 36 00 32 00 90 00 A1 30 90 40 00 00 00
000010 DE D7 80 C1 07 7B 09 00 00 00 00 00 00 00 00 00
000020 00 00 00 00 00 00 00 00 00 00 00 00 00 00 00 00
000030 00 00 00 00 00 00 00 00 00 00 00
I 17.134748 000000 02 81 20 36 00 32 00 90 00 A1 30 93 40 00 00 00
000010 DD D7 80 C0 F7 7A 09 00 00 00 00 00 00 00 00 00
000020 00 00 00 00 00 00 00 00 00 00 00 00 00 00 00 00
000030 00 00 00 00 00 00 00 00 00 00 00
I 17.160999 000000 02 81 20 36 00 32 00 90 00 A1 30 96 40 00 00 00
000010 DD C7 80 C0 E7 7A 09 00 00 00 00 00 00 00 00 00
000020 00 00 00 00 00 00 00 00 00 00 00 00 00 00 00 00
000030 00 00 00 00 00 00 00 00 00 00 00
I 17.177233 000000 02 81 20 36 00 32 00 90 00 A1 30 99 40 00 00 00
000010 DD D7 80 C1 F7 7A 09 00 00 00 00 00 00 00 00 00
000020 00 00 00 00 00 00 00 00 00 00 00 00 00 00 00 00
000030 00 00 00 00 00 00 00 00 00 00 00
I 17.179031 000000 02 81 20 36 00 32 00 90 00 A1 30 9C 40 00 00 00
000010 DD C7 80 C0 17 7B 09 00 00 00 00 00 00 00 00 00
000020 00 00 00 00 00 00 00 00 00 00 00 00 00 00 00 00
000030 00 00 00 00 00 00 00 00 00 00 00
I 17.190981 000000 02 81 20 36 00 32 00 90 00 A1 30 9F 40 00 00 00
000010 DD D7 80 C1 07 7B 09 00 00 00 00 00 00 00 00 00
000020 00 00 00 00 00 00 00 00 00 00 00 00 00 00 00 00
000030 00 00 00 00 00 00 00 00 00 00 00
I 17.205982 000000 02 81 20 36 00 32 00 90 00 A1 30 A2 40 00 00 00
000010 DF C7 80 C0 F7 7A 09 00 00 00 00 00 00 00 00 00
000020 00 00 00 00 00 00 00 00 00 00 00 00 00 00 00 00
000030 00 00 00 00 00 00 00 00 00 00 00
I 17.221001 000000 02 81 20 36 00 32 00 90 00 A1 30 A5 40 00 00 00
000010 DD E7 80 BF F7 7A 09 00 00 00 00 00 00 00 00 00
000020 00 00 00 00 00 00 00 00 00 00 00 00 00 00 00 00
000030 00 00 00 00 00 00 00 00 00 00 00
I 17.250982 000000 02 81 20 36 00 32 00 90 00 A1 30 A8 40 00 00 00
000010 DD D7 80 C0 F7 7A 09 00 00 00 00 00 00 00 00 00
000020 00 00 00 00 00 00 00 00 00 00 00 00 00 00 00 00
000030 00 00 00 00 00 00 00 00 00 00 00
I 17.252789 000000 02 81 20 36 00 32 00 90 00 A1 30 AB 40 00 00 00
000010 DE D7 80 C0 F7 7A 09 00 00 00 00 00 00 00 00 00
000020 00 00 00 00 00 00 00 00 00 00 00 00 00 00 00 00
000030 00 00 00 00 00 00 00 00 00 00 00
I 17.265980 000000 02 81 20 36 00 32 00 90 00 A1 30 AE 40 00 00 00
000010 DE C7 80 BF 07 7B 09 00 00 00 00 00 00 00 00 00
000020 00 00 00 00 00 00 00 00 00 00 00 00 00 00 00 00
000030 00 00 00 00 00 00 00 00 00 00 00
I 17.280981 000000 02 81 20 36 00 32 00 90 00 A1 30 B1 40 00 00 00
000010 DD D7 80 C0 07 7B 09 00 00 00 00 00 00 00 00 00
000020 00 00 00 00 00 00 00 00 00 00 00 00 00 00 00 00
000030 00 00 00 00 00 00 00 00 00 00 00
I 17.296000 000000 02 81 20 36 00 32 00 90 00 A1 30 B4 40 00 00 00
000010 DD D7 80 C0 07 7B 09 00 00 00 00 00 00 00 00 00
000020 00 00 00 00 00 00 00 00 00 00 00 00 00 00 00 00
000030 00 00 00 00 00 00 00 00 00 00 00
I 17.311001 000000 02 81 20 36 00 32 00 90 00 A1 30 B7 40 00 00 00
000010 DE C7 80 C0 E7 7A 09 00 00 00 00 00 00 00 00 00
000020 00 00 00 00 00 00 00 00 00 00 00 00 00 00 00 00
000030 00 00 00 00 00 00 00 00 00 00 00
I 17.325981 000000 02 81 20 36 00 32 00 90 00 A1 30 BA 40 00 00 00
000010 DD C7 80 C1 07 7B 09 00 00 00 00 00 00 00 00 00
000020 00 00 00 00 00 00 00 00 00 00 00 00 00 00 00 00
000030 00 00 00 00 00 00 00 00 00 00 00
I 17.340982 000000 02 81 20 36 00 32 00 90 00 A1 30 BD 40 00 00 00
000010 DD D7 80 C1 F7 7A 09 00 00 00 00 00 00 00 00 00
000020 00 00 00 00 00 00 00 00 00 00 00 00 00 00 00 00
000030 00 00 00 00 00 00 00 00 00 00 00
I 17.355984 000000 02 81 20 36 00 32 00 90 00 A1 30 C0 40 00 00 00
000010 DD C7 80 C0 F7 7A 09 00 00 00 00 00 00 00 00 00
000020 00 00 00 00 00 00 00 00 00 00 00 00 00 00 00 00
000030 00 00 00 00 00 00 00 00 00 00 00
I 17.371000 000000 02 81 20 36 00 32 00 90 00 A1 30 C3 40 00 00 00
000010 DD E7 80 C0 E7 7A 09 00 00 00 00 00 00 00 00 00
000020 00 00 00 00 00 00 00 00 00 00 00 00 00 00 00 00
000030 00 00 00 00 00 00 00 00 00 00 00
I 17.386000 000000 02 81 20 36 00 32 00 90 00 A1 30 C6 40 00 00 00
000010 DD D7 80 C0 F7 7A 09 00 00 00 00 00 00 00 00 00
000020 00 00 00 00 00 00 00 00 00 00 00 00 00 00 00 00
000030 00 00 00 00 00 00 00 00 00 00 00
I 17.400980 000000 02 81 20 36 00 32 00 90 00 A1 30 C9 40 00 00 00
000010 DD D7 80 C0 07 7B 09 00 00 00 00 00 00 00 00 00
000020 00 00 00 00 00 00 00 00 00 00 00 00 00 00 00 00
000030 00 00 00 00 00 00 00 00 00 00 00
I 17.415979 000000 02 81 20 36 00 32 00 90 00 A1 30 CC 40 00 00 00
000010 DE D7 80 C1 F7 7A 09 00 00 00 00 00 00 00 00 00
000020 00 00 00 00 00 00 00 00 00 00 00 00 00 00 00 00
000030 00 00 00 00 00 00 00 00 00 00 00
I 17.430983 000000 02 81 20 36 00 32 00 90 00 A1 30 CF 40 00 00 00
000010 DE D7 80 C0 07 7B 09 00 00 00 00 00 00 00 00 00
000020 00 00 00 00 00 00 00 00 00 00 00 00 00 00 00 00
000030 00 00 00 00 00 00 00 00 00 00 00
I 17.445999 000000 02 81 20 36 00 32 00 90 00 A1 30 D2 40 00 00 00
000010 DE D7 80 C0 F7 7A 09 00 00 00 00 00 00 00 00 00
000020 00 00 00 00 00 00 00 00 00 00 00 00 00 00 00 00
000030 00 00 00 00 00 00 00 00 00 00 00
I 17.461000 000000 02 81 20 36 00 32 00 90 00 A1 30 D5 40 00 00 00
000010 DD D7 80 C1 07 7B 09 00 00 00 00 00 00 00 00 00
000020 00 00 00 00 00 00 00 00 00 00 00 00 00 00 00 00
000030 00 00 00 00 00 00 00 00 00 00 00
I 17.475983 000000 02 81 20 36 00 32 00 90 00 A1 30 D8 40 00 00 00
000010 DD C7 80 C1 F7 7A 09 00 00 00 00 00 00 00 00 00
000020 00 00 00 00 00 00 00 00 00 00 00 00 00 00 00 00
000030 00 00 00 00 00 00 00 00 00 00 00
I 17.490980 000000 02 81 20 36 00 32 00 90 00 A1 30 DB 40 00 00 00
000010 DD D7 80 C0 F7 7A 09 00 00 00 00 00 00 00 00 00
000020 00 00 00 00 00 00 00 00 00 00 00 00 00 00 00 00
000030 00 00 00 00 00 00 00 00 00 00 00
I 17.505980 000000 02 81 20 36 00 32 00 90 00 A1 30 DE 40 00 00 00
000010 DD D7 80 C1 E7 7A 09 00 00 00 00 00 00 00 00 00
000020 00 00 00 00 00 00 00 00 00 00 00 00 00 00 00 00
000030 00 00 00 00 00 00 00 00 00 00 00
I 17.521000 000000 02 81 20 36 00 32 00 90 00 A1 30 E1 40 00 00 00
000010 DD C7 80 C0 F7 7A 09 00 00 00 00 00 00 00 00 00
000020 00 00 00 00 00 00 00 00 00 00 00 00 00 00 00 00
000030 00 00 00 00 00 00 00 00 00 00 00
I 17.535999 000000 02 81 20 36 00 32 00 90 00 A1 30 E4 40 00 00 00
000010 DD C7 80 C1 07 7B 09 00 00 00 00 00 00 00 00 00
000020 00 00 00 00 00 00 00 00 00 00 00 00 00 00 00 00
000030 00 00 00 00 00 00 00 00 00 00 00
I 17.550980 000000 02 81 20 36 00 32 00 90 00 A1 30 E7 40 00 00 00
000010 DD C7 80 C0 07 7B 09 00 00 00 00 00 00 00 00 00
000020 00 00 00 00 00 00 00 00 00 00 00 00 00 00 00 00
000030 00 00 00 00 00 00 00 00 00 00 00
I 17.565981 000000 02 81 20 36 00 32 00 90 00 A1 30 EA 40 00 00 00
000010 DD B7 80 C0 E7 7A 09 00 00 00 00 00 00 00 00 00
000020 00 00 00 00 00 00 00 00 00 00 00 00 00 00 00 00
000030 00 00 00 00 00 00 00 00 00 00 00
I 17.580980 000000 02 81 20 36 00 32 00 90 00 A1 30 ED 40 00 00 00
000010 DE E7 80 C1 17 7B 09 00 00 00 00 00 00 00 00 00
000020 00 00 00 00 00 00 00 00 00 00 00 00 00 00 00 00
000030 00 00 00 00 00 00 00 00 00 00 00
I 17.611004 000000 02 81 20 36 00 32 00 90 00 A1 30 F0 40 00 00 00
000010 DD E7 80 C2 F7 7A 09 00 00 00 00 00 00 00 00 00
000020 00 00 00 00 00 00 00 00 00 00 00 00 00 00 00 00
000030 00 00 00 00 00 00 00 00 00 00 00
I 17.612816 000000 02 81 20 36 00 32 00 90 00 A1 30 F3 40 00 00 00
000010 DD F7 80 C0 F7 7A 09 00 00 00 00 00 00 00 00 00
000020 00 00 00 00 00 00 00 00 00 00 00 00 00 00 00 00
000030 00 00 00 00 00 00 00 00 00 00 00
I 17.625999 000000 02 81 20 36 00 32 00 90 00 A1 30 F6 40 00 00 00
000010 DD C7 80 C2 E7 7A 09 00 00 00 00 00 00 00 00 00
000020 00 00 00 00 00 00 00 00 00 00 00 00 00 00 00 00
000030 00 00 00 00 00 00 00 00 00 00 00
I 17.640984 000000 02 81 20 36 00 32 00 90 00 A1 30 F9 40 00 00 00
000010 DE E7 80 C1 F7 7A 09 00 00 00 00 00 00 00 00 00
000020 00 00 00 00 00 00 00 00 00 00 00 00 00 00 00 00
000030 00 00 00 00 00 00 00 00 00 00 00
I 17.655981 000000 02 81 20 36 00 32 00 90 00 A1 30 FC 40 00 00 00
000010 DE C7 80 C0 F7 7A 09 00 00 00 00 00 00 00 00 00
000020 00 00 00 00 00 00 00 00 00 00 00 00 00 00 00 00
000030 00 00 00 00 00 00 00 00 00 00 00
I 17.670982 000000 02 81 20 36 00 32 00 90 00 A1 30 FF 40 00 00 00
000010 DE C7 80 C1 E7 7A 09 00 00 00 00 00 00 00 00 00
000020 00 00 00 00 00 00 00 00 00 00 00 00 00 00 00 00
000030 00 00 00 00 00 00 00 00 00 00 00
I 17.686001 000000 02 81 20 36 00 32 00 90 00 A1 30 02 40 00 00 00
000010 DE D7 80 C0 E7 7A 09 00 00 00 00 00 00 00 00 00
000020 00 00 00 00 00 00 00 00 00 00 00 00 00 00 00 00
000030 00 00 00 00 00 00 00 00 00 00 00
I 17.702232 000000 02 81 20 36 00 32 00 90 00 A1 30 05 40 00 00 00
000010 DD E7 80 C0 07 7B 09 00 00 00 00 00 00 00 00 00
000020 00 00 00 00 00 00 00 00 00 00 00 00 00 00 00 00
000030 00 00 00 00 00 00 00 00 00 00 00
I 17.716000 000000 02 81 20 36 00 32 00 90 00 A1 30 08 40 00 00 00
000010 DE E7 80 C1 F7 7A 09 00 00 00 00 00 00 00 00 00
000020 00 00 00 00 00 00 00 00 00 00 00 00 00 00 00 00
000030 00 00 00 00 00 00 00 00 00 00 00
I 17.730984 000000 02 81 20 36 00 32 00 90 00 A1 30 0B 40 00 00 00
000010 DD E7 80 C1 F7 7A 09 00 00 00 00 00 00 00 00 00
000020 00 00 00 00 00 00 00 00 00 00 00 00 00 00 00 00
000030 00 00 00 00 00 00 00 00 00 00 00
I 17.745981 000000 02 81 20 36 00 32 00 90 00 A1 30 0E 40 00 00 00
000010 DD D7 80 C1 E7 7A 09 00 00 00 00 00 00 00 00 00
000020 00 00 00 00 00 00 00 00 00 00 00 00 00 00 00 00
000030 00 00 00 00 00 00 00 00 00 00 00
I 17.760981 000000 02 81 20 36 00 32 00 90 00 A1 30 11 40 00 00 00
000010 DD F7 80 C1 07 7B 09 00 00 00 00 00 00 00 00 00
000020 00 00 00 00 00 00 00 00 00 00 00 00 00 00 00 00
000030 00 00 00 00 00 00 00 00 00 00 00
I 17.775999 000000 02 81 20 36 00 32 00 90 00 A1 30 14 40 00 00 00
000010 DD D7 80 C1 F7 7A 09 00 00 00 00 00 00 00 00 00
000020 00 00 00 00 00 00 00 00 00 00 00 00 00 00 00 00
000030 00 00 00 00 00 00 00 00 00 00 00
I 17.791000 000000 02 81 20 36 00 32 00 90 00 A1 30 17 40 00 00 00
000010 DD E7 80 C1 07 7B 09 00 00 00 00 00 00 00 00 00
000020 00 00 00 00 00 00 00 00 00 00 00 00 00 00 00 00
000030 00 00 00 00 00 00 00 00 00 00 00
I 17.805983 000000 02 81 20 36 00 32 00 90 00 A1 30 1A 40 00 00 00
000010 DE D7 80 C1 E7 7A 09 00 00 00 00 00 00 00 00 00
000020 00 00 00 00 00 00 00 00 00 00 00 00 00 00 00 00
000030 00 00 00 00 00 00 00 00 00 00 00
I 17.820984 000000 02 81 20 36 00 32 00 90 00 A1 30 1D 40 00 00 00
000010 DD D7 80 C0 07 7B 09 00 00 00 00 00 00 00 00 00
000020 00 00 00 00 00 00 00 00 00 00 00 00 00 00 00 00
000030 00 00 00 00 00 00 00 00 00 00 00
I 17.835981 000000 02 81 20 36 00 32 00 90 00 A1 30 20 40 00 00 00
000010 DE D7 80 C1 F7 7A 09 00 00 00 00 00 00 00 00 00
000020 00 00 00 00 00 00 00 00 00 00 00 00 00 00 00 00
000030 00 00 00 00 00 00 00 00 00 00 00
I 17.851000 000000 02 81 20 36 00 32 00 90 00 A1 30 23 40 00 00 00
000010 DD D7 80 C1 F7 7A 09 00 00 00 00 00 00 00 00 00
000020 00 00 00 00 00 00 00 00 00 00 00 00 00 00 00 00
000030 00 00 00 00 00 00 00 00 00 00 00
I 17.865999 000000 02 81 20 36 00 32 00 90 00 A1 30 26 40 00 00 00
000010 DD E7 80 C0 E7 7A 09 00 00 00 00 00 00 00 00 00
000020 00 00 00 00 00 00 00 00 00 00 00 00 00 00 00 00
000030 00 00 00 00 00 00 00 00 00 00 00
I 17.880983 000000 02 81 20 36 00 32 00 90 00 A1 30 29 40 00 00 00
000010 DD E7 80 C0 F7 7A 09 00 00 00 00 00 00 00 00 00
000020 00 00 00 00 00 00 00 00 00 00 00 00 00 00 00 00
000030 00 00 00 00 00 00 00 00 00 00 00
I 17.895983 000000 02 81 20 36 00 32 00 90 00 A1 30 2C 40 00 00 00
000010 DE E7 80 C1 E7 7A 09 00 00 00 00 00 00 00 00 00
000020 00 00 00 00 00 00 00 00 00 00 00 00 00 00 00 00
000030 00 00 00 00 00 00 00 00 00 00 00
I 17.910980 000000 02 81 20 36 00 32 00 90 00 A1 30 2F 40 00 00 00
000010 DE D7 80 BF 07 7B 09 00 00 00 00 00 00 00 00 00
000020 00 00 00 00 00 00 00 00 00 00 00 00 00 00 00 00
000030 00 00 00 00 00 00 00 00 00 00 00
I 17.926001 000000 02 81 20 36 00 32 00 90 00 A1 30 32 40 00 00 00
000010 DD C7 80 C0 F7 7A 09 00 00 00 00 00 00 00 00 00
000020 00 00 00 00 00 00 00 00 00 00 00 00 00 00 00 00
000030 00 00 00 00 00 00 00 00 00 00 00
I 17.941000 000000 02 81 20 36 00 32 00 90 00 A1 30 35 40 00 00 00
000010 DE D7 80 C1 07 7B 09 00 00 00 00 00 00 00 00 00
000020 00 00 00 00 00 00 00 00 00 00 00 00 00 00 00 00
000030 00 00 00 00 00 00 00 00 00 00 00
I 17.955988 000000 02 81 20 36 00 32 00 90 00 A1 30 38 40 00 00 00
000010 DD D7 80 C1 F7 7A 09 00 00 00 00 00 00 00 00 00
000020 00 00 00 00 00 00 00 00 00 00 00 00 00 00 00 00
000030 00 00 00 00 00 00 00 00 00 00 00
I 17.970984 000000 02 81 20 36 00 32 00 90 00 A1 30 3B 40 00 00 00
000010 DE D7 80 C0 E7 7A 09 00 00 00 00 00 00 00 00 00
000020 00 00 00 00 00 00 00 00 00 00 00 00 00 00 00 00
000030 00 00 00 00 00 00 00 00 00 00 00
I 17.985979 000000 02 81 20 36 00 32 00 90 00 A1 30 3E 40 00 00 00
000010 DD D7 80 C0 F7 7A 09 00 00 00 00 00 00 00 00 00
000020 00 00 00 00 00 00 00 00 00 00 00 00 00 00 00 00
000030 00 00 00 00 00 00 00 00 00 00 00
I 18.000999 000000 02 81 20 36 00 32 00 90 00 A1 30 41 40 00 00 00
000010 DC D7 80 C1 F7 7A 09 00 00 00 00 00 00 00 00 00
000020 00 00 00 00 00 00 00 00 00 00 00 00 00 00 00 00
000030 00 00 00 00 00 00 00 00 00 00 00
I 18.016001 000000 02 81 20 36 00 32 00 90 00 A1 30 44 40 00 00 00
000010 DD D7 80 C0 E7 7A 09 00 00 00 00 00 00 00 00 00
000020 00 00 00 00 00 00 00 00 00 00 00 00 00 00 00 00
000030 00 00 00 00 00 00 00 00 00 00 00
I 18.030979 000000 02 81 20 36 00 32 00 90 00 A1 30 47 40 00 00 00
000010 DE D7 80 C1 F7 7A 09 00 00 00 00 00 00 00 00 00
000020 00 00 00 00 00 00 00 00 00 00 00 00 00 00 00 00
000030 00 00 00 00 00 00 00 00 00 00 00
I 18.045982 000000 02 81 20 36 00 32 00 90 00 A1 30 4A 40 00 00 00
000010 DF C7 80 C2 F7 7A 09 00 00 00 00 00 00 00 00 00
000020 00 00 00 00 00 00 00 00 00 00 00 00 00 00 00 00
000030 00 00 00 00 00 00 00 00 00 00 00
I 18.060980 000000 02 81 20 36 00 32 00 90 00 A1 30 4D 40 00 00 00
000010 DE D7 80 C0 F7 7A 09 00 00 00 00 00 00 00 00 00
000020 00 00 00 00 00 00 00 00 00 00 00 00 00 00 00 00
000030 00 00 00 00 00 00 00 00 00 00 00
I 18.076000 000000 02 81 20 36 00 32 00 90 00 A1 30 50 40 00 00 00
000010 DE E7 80 C0 F7 7A 09 00 00 00 00 00 00 00 00 00
000020 00 00 00 00 00 00 00 00 00 00 00 00 00 00 00 00
000030 00 00 00 00 00 00 00 00 00 00 00
I 18.091000 000000 02 81 20 36 00 32 00 90 00 A1 30 53 40 00 00 00
000010 DE D7 80 C1 F7 7A 09 00 00 00 00 00 00 00 00 00
000020 00 00 00 00 00 00 00 00 00 00 00 00 00 00 00 00
000030 00 00 00 00 00 00 00 00 00 00 00
I 18.105982 000000 02 81 20 36 00 32 00 90 00 A1 30 56 40 00 00 00
000010 DE E7 80 C1 E7 7A 09 00 00 00 00 00 00 00 00 00
000020 00 00 00 00 00 00 00 00 00 00 00 00 00 00 00 00
000030 00 00 00 00 00 00 00 00 00 00 00
I 18.120979 000000 02 81 20 36 00 32 00 90 00 A1 30 59 40 00 00 00
000010 DD C7 80 C0 F7 7A 09 00 00 00 00 00 00 00 00 00
000020 00 00 00 00 00 00 00 00 00 00 00 00 00 00 00 00
000030 00 00 00 00 00 00 00 00 00 00 00
I 18.135981 000000 02 81 20 36 00 32 00 90 00 A1 30 5C 40 00 00 00
000010 DC D7 80 C1 07 7B 09 00 00 00 00 00 00 00 00 00
000020 00 00 00 00 00 00 00 00 00 00 00 00 00 00 00 00
000030 00 00 00 00 00 00 00 00 00 00 00
I 18.150999 000000 02 81 20 36 00 32 00 90 00 A1 30 5F 40 00 00 00
000010 DD B7 80 C0 F7 7A 09 00 00 00 00 00 00 00 00 00
000020 00 00 00 00 00 00 00 00 00 00 00 00 00 00 00 00
000030 00 00 00 00 00 00 00 00 00 00 00
I 18.166000 000000 02 81 20 36 00 32 00 90 00 A1 30 62 40 00 00 00
000010 DE D7 80 C0 07 7B 09 00 00 00 00 00 00 00 00 00
000020 00 00 00 00 00 00 00 00 00 00 00 00 00 00 00 00
000030 00 00 00 00 00 00 00 00 00 00 00
I 18.180981 000000 02 81 20 36 00 32 00 90 00 A1 30 65 40 00 00 00
000010 DE C7 80 BF 07 7B 09 00 00 00 00 00 00 00 00 00
000020 00 00 00 00 00 00 00 00 00 00 00 00 00 00 00 00
000030 00 00 00 00 00 00 00 00 00 00 00
I 18.195984 000000 02 81 20 36 00 32 00 90 00 A1 30 68 40 00 00 00
000010 DD D7 80 C1 F7 7A 09 00 00 00 00 00 00 00 00 00
000020 00 00 00 00 00 00 00 00 00 00 00 00 00 00 00 00
000030 00 00 00 00 00 00 00 00 00 00 00
I 18.210981 000000 02 81 20 36 00 32 00 90 00 A1 30 6B 40 00 00 00
000010 DE C7 80 C1 F7 7A 09 00 00 00 00 00 00 00 00 00
000020 00 00 00 00 00 00 00 00 00 00 00 00 00 00 00 00
000030 00 00 00 00 00 00 00 00 00 00 00
I 18.225983 000000 02 81 20 36 00 32 00 90 00 A1 30 6E 40 00 00 00
000010 DD E7 80 C0 F7 7A 09 00 00 00 00 00 00 00 00 00
000020 00 00 00 00 00 00 00 00 00 00 00 00 00 00 00 00
000030 00 00 00 00 00 00 00 00 00 00 00
I 18.256004 000000 02 81 20 36 00 32 00 90 00 A1 30 71 40 00 00 00
000010 DD D7 80 C1 F7 7A 09 00 00 00 00 00 00 00 00 00
000020 00 00 00 00 00 00 00 00 00 00 00 00 00 00 00 00
000030 00 00 00 00 00 00 00 00 00 00 00
I 18.257833 000000 02 81 20 36 00 32 00 90 00 A1 30 74 40 00 00 00
000010 DD E7 80 C1 E7 7A 09 00 00 00 00 00 00 00 00 00
000020 00 00 00 00 00 00 00 00 00 00 00 00 00 00 00 00
000030 00 00 00 00 00 00 00 00 00 00 00
I 18.271000 000000 02 81 20 36 00 32 00 90 00 A1 30 77 40 00 00 00
000010 DD C7 80 C1 F7 7A 09 00 00 00 00 00 00 00 00 00
000020 00 00 00 00 00 00 00 00 00 00 00 00 00 00 00 00
000030 00 00 00 00 00 00 00 00 00 00 00
I 18.285982 000000 02 81 20 36 00 32 00 90 00 A1 30 7A 40 00 00 00
000010 DE E7 80 C0 F7 7A 09 00 00 00 00 00 00 00 00 00
000020 00 00 00 00 00 00 00 00 00 00 00 00 00 00 00 00
000030 00 00 00 00 00 00 00 00 00 00 00
I 18.300980 000000 02 81 20 36 00 32 00 90 00 A1 30 7D 40 00 00 00
000010 DD D7 80 C0 F7 7A 09 00 00 00 00 00 00 00 00 00
000020 00 00 00 00 00 00 00 00 00 00 00 00 00 00 00 00
000030 00 00 00 00 00 00 00 00 00 00 00
I 18.315981 000000 02 81 20 36 00 32 00 90 00 A1 30 80 40 00 00 00
000010 DD D7 80 C1 F7 7A 09 00 00 00 00 00 00 00 00 00
000020 00 00 00 00 00 00 00 00 00 00 00 00 00 00 00 00
000030 00 00 00 00 00 00 00 00 00 00 00
I 18.330999 000000 02 81 20 36 00 32 00 90 00 A1 30 83 40 00 00 00
000010 DE C7 80 C0 07 7B 09 00 00 00 00 00 00 00 00 00
000020 00 00 00 00 00 00 00 00 00 00 00 00 00 00 00 00
000030 00 00 00 00 00 00 00 00 00 00 00
I 18.346001 000000 02 81 20 36 00 32 00 90 00 A1 30 86 40 00 00 00
000010 DC D7 80 C1 F7 7A 09 00 00 00 00 00 00 00 00 00
000020 00 00 00 00 00 00 00 00 00 00 00 00 00 00 00 00
000030 00 00 00 00 00 00 00 00 00 00 00
I 18.360985 000000 02 81 20 36 00 32 00 90 00 A1 30 89 40 00 00 00
000010 DD C7 80 C0 E7 7A 09 00 00 00 00 00 00 00 00 00
000020 00 00 00 00 00 00 00 00 00 00 00 00 00 00 00 00
000030 00 00 00 00 00 00 00 00 00 00 00
I 18.375980 000000 02 81 20 36 00 32 00 90 00 A1 30 8C 40 00 00 00
000010 DD E7 80 C1 17 7B 09 00 00 00 00 00 00 00 00 00
000020 00 00 00 00 00 00 00 00 00 00 00 00 00 00 00 00
000030 00 00 00 00 00 00 00 00 00 00 00
I 18.390980 000000 02 81 20 36 00 32 00 90 00 A1 30 8F 40 00 00 00
000010 DD B7 80 C0 07 7B 09 00 00 00 00 00 00 00 00 00
000020 00 00 00 00 00 00 00 00 00 00 00 00 00 00 00 00
000030 00 00 00 00 00 00 00 00 00 00 00
I 18.406000 000000 02 81 20 36 00 32 00 90 00 A1 30 92 40 00 00 00
000010 DE E7 80 C1 17 7B 09 00 00 00 00 00 00 00 00 00
000020 00 00 00 00 00 00 00 00 00 00 00 00 00 00 00 00
000030 00 00 00 00 00 00 00 00 00 00 00
I 18.421000 000000 02 81 20 36 00 32 00 90 00 A1 30 95 40 00 00 00
000010 DE E7 80 C0 E7 7A 09 00 00 00 00 00 00 00 00 00
000020 00 00 00 00 00 00 00 00 00 00 00 00 00 00 00 00
000030 00 00 00 00 00 00 00 00 00 00 00
I 18.450981 000000 02 81 20 36 00 32 00 90 00 A1 30 98 40 00 00 00
000010 DE D7 80 C1 F7 7A 09 00 00 00 00 00 00 00 00 00
000020 00 00 00 00 00 00 00 00 00 00 00 00 00 00 00 00
000030 00 00 00 00 00 00 00 00 00 00 00
I 18.452787 000000 02 81 20 36 00 32 00 90 00 A1 30 9B 40 00 00 00
000010 DD D7 80 C0 F7 7A 09 00 00 00 00 00 00 00 00 00
000020 00 00 00 00 00 00 00 00 00 00 00 00 00 00 00 00
000030 00 00 00 00 00 00 00 00 00 00 00
I 18.465982 000000 02 81 20 36 00 32 00 90 00 A1 30 9E 40 00 00 00
000010 DD F7 80 C1 07 7B 09 00 00 00 00 00 00 00 00 00
000020 00 00 00 00 00 00 00 00 00 00 00 00 00 00 00 00
000030 00 00 00 00 00 00 00 00 00 00 00
I 18.481001 000000 02 81 20 36 00 32 00 90 00 A1 30 A1 40 00 00 00
000010 DD D7 80 BF E7 7A 09 00 00 00 00 00 00 00 00 00
000020 00 00 00 00 00 00 00 00 00 00 00 00 00 00 00 00
000030 00 00 00 00 00 00 00 00 00 00 00
I 18.496000 000000 02 81 20 36 00 32 00 90 00 A1 30 A4 40 00 00 00
000010 DD D7 80 C0 07 7B 09 00 00 00 00 00 00 00 00 00
000020 00 00 00 00 00 00 00 00 00 00 00 00 00 00 00 00
000030 00 00 00 00 00 00 00 00 00 00 00
I 18.525982 000000 02 81 20 36 00 32 00 90 00 A1 30 A7 40 00 00 00
000010 DE B7 80 C1 F7 7A 09 00 00 00 00 00 00 00 00 00
000020 00 00 00 00 00 00 00 00 00 00 00 00 00 00 00 00
000030 00 00 00 00 00 00 00 00 00 00 00
I 18.527784 000000 02 81 20 36 00 32 00 90 00 A1 30 AA 40 00 00 00
000010 DE E7 80 BF 17 7B 09 00 00 00 00 00 00 00 00 00
000020 00 00 00 00 00 00 00 00 00 00 00 00 00 00 00 00
000030 00 00 00 00 00 00 00 00 00 00 00
I 18.540979 000000 02 81 20 36 00 32 00 90 00 A1 30 AD 40 00 00 00
000010 DD C7 80 C0 E7 7A 09 00 00 00 00 00 00 00 00 00
000020 00 00 00 00 00 00 00 00 00 00 00 00 00 00 00 00
000030 00 00 00 00 00 00 00 00 00 00 00
I 18.556000 000000 02 81 20 36 00 32 00 90 00 A1 30 B0 40 00 00 00
000010 DD D7 80 C1 07 7B 09 00 00 00 00 00 00 00 00 00
000020 00 00 00 00 00 00 00 00 00 00 00 00 00 00 00 00
000030 00 00 00 00 00 00 00 00 00 00 00
I 18.570999 000000 02 81 20 36 00 32 00 90 00 A1 30 B3 40 00 00 00
000010 DE D7 80 C1 F7 7A 09 00 00 00 00 00 00 00 00 00
000020 00 00 00 00 00 00 00 00 00 00 00 00 00 00 00 00
000030 00 00 00 00 00 00 00 00 00 00 00
I 18.615982 000000 02 81 20 36 00 32 00 90 00 A1 30 B6 40 00 00 00
000010 DD F7 80 C1 07 7B 09 00 00 00 00 00 00 00 00 00
000020 00 00 00 00 00 00 00 00 00 00 00 00 00 00 00 00
000030 00 00 00 00 00 00 00 00 00 00 00
I 18.617788 000000 02 81 20 36 00 32 00 90 00 A1 30 B9 40 00 00 00
000010 DD D7 80 C0 07 7B 09 00 00 00 00 00 00 00 00 00
000020 00 00 00 00 00 00 00 00 00 00 00 00 00 00 00 00
000030 00 00 00 00 00 00 00 00 00 00 00
I 18.620111 000000 02 81 20 36 00 32 00 90 00 A1 30 BC 40 00 00 00
000010 DE F7 80 C1 07 7B 09 00 00 00 00 00 00 00 00 00
000020 00 00 00 00 00 00 00 00 00 00 00 00 00 00 00 00
000030 00 00 00 00 00 00 00 00 00 00 00
I 18.631001 000000 02 81 20 36 00 32 00 90 00 A1 30 BF 40 00 00 00
000010 DF D7 80 BF D7 7A 09 00 00 00 00 00 00 00 00 00
000020 00 00 00 00 00 00 00 00 00 00 00 00 00 00 00 00
000030 00 00 00 00 00 00 00 00 00 00 00
I 18.646000 000000 02 81 20 36 00 32 00 90 00 A1 30 C2 40 00 00 00
000010 DD E7 80 C1 07 7B 09 00 00 00 00 00 00 00 00 00
000020 00 00 00 00 00 00 00 00 00 00 00 00 00 00 00 00
000030 00 00 00 00 00 00 00 00 00 00 00
I 18.660984 000000 02 81 20 36 00 32 00 90 00 A1 30 C5 40 00 00 00
000010 DE D7 80 C0 F7 7A 09 00 00 00 00 00 00 00 00 00
000020 00 00 00 00 00 00 00 00 00 00 00 00 00 00 00 00
000030 00 00 00 00 00 00 00 00 00 00 00
I 18.675982 000000 02 81 20 36 00 32 00 90 00 A1 30 C8 40 00 00 00
000010 DD E7 80 C0 F7 7A 09 00 00 00 00 00 00 00 00 00
000020 00 00 00 00 00 00 00 00 00 00 00 00 00 00 00 00
000030 00 00 00 00 00 00 00 00 00 00 00
I 18.690985 000000 02 81 20 36 00 32 00 90 00 A1 30 CB 40 00 00 00
000010 DE E7 80 C0 F7 7A 09 00 00 00 00 00 00 00 00 00
000020 00 00 00 00 00 00 00 00 00 00 00 00 00 00 00 00
000030 00 00 00 00 00 00 00 00 00 00 00
I 18.705999 000000 02 81 20 36 00 32 00 90 00 A1 30 CE 40 00 00 00
000010 DD D7 80 C0 07 7B 09 00 00 00 00 00 00 00 00 00
000020 00 00 00 00 00 00 00 00 00 00 00 00 00 00 00 00
000030 00 00 00 00 00 00 00 00 00 00 00
I 18.721001 000000 02 81 20 36 00 32 00 90 00 A1 30 D1 40 00 00 00
000010 DD D7 80 C0 E7 7A 09 00 00 00 00 00 00 00 00 00
000020 00 00 00 00 00 00 00 00 00 00 00 00 00 00 00 00
000030 00 00 00 00 00 00 00 00 00 00 00
I 18.735979 000000 02 81 20 36 00 32 00 90 00 A1 30 D4 40 00 00 00
000010 DD E7 80 C0 07 7B 09 00 00 00 00 00 00 00 00 00
000020 00 00 00 00 00 00 00 00 00 00 00 00 00 00 00 00
000030 00 00 00 00 00 00 00 00 00 00 00
I 18.750982 000000 02 81 20 36 00 32 00 90 00 A1 30 D7 40 00 00 00
000010 DD D7 80 C1 F7 7A 09 00 00 00 00 00 00 00 00 00
000020 00 00 00 00 00 00 00 00 00 00 00 00 00 00 00 00
000030 00 00 00 00 00 00 00 00 00 00 00
I 18.765982 000000 02 81 20 36 00 32 00 90 00 A1 30 DA 40 00 00 00
000010 DE D7 80 C1 07 7B 09 00 00 00 00 00 00 00 00 00
000020 00 00 00 00 00 00 00 00 00 00 00 00 00 00 00 00
000030 00 00 00 00 00 00 00 00 00 00 00
I 18.781000 000000 02 81 20 36 00 32 00 90 00 A1 30 DD 40 00 00 00
000010 DE D7 80 C0 F7 7A 09 00 00 00 00 00 00 00 00 00
000020 00 00 00 00 00 00 00 00 00 00 00 00 00 00 00 00
000030 00 00 00 00 00 00 00 00 00 00 00
I 18.796000 000000 02 81 20 36 00 32 00 90 00 A1 30 E0 40 00 00 00
000010 DD D7 80 C1 07 7B 09 00 00 00 00 00 00 00 00 00
000020 00 00 00 00 00 00 00 00 00 00 00 00 00 00 00 00
000030 00 00 00 00 00 00 00 00 00 00 00
I 18.810980 000000 02 81 20 36 00 32 00 90 00 A1 30 E3 40 00 00 00
000010 DE D7 80 C0 E7 7A 09 00 00 00 00 00 00 00 00 00
000020 00 00 00 00 00 00 00 00 00 00 00 00 00 00 00 00
000030 00 00 00 00 00 00 00 00 00 00 00
I 18.825979 000000 02 81 20 36 00 32 00 90 00 A1 30 E6 40 00 00 00
000010 DD C7 80 C0 07 7B 09 00 00 00 00 00 00 00 00 00
000020 00 00 00 00 00 00 00 00 00 00 00 00 00 00 00 00
000030 00 00 00 00 00 00 00 00 00 00 00
I 18.840984 000000 02 81 20 36 00 32 00 90 00 A1 30 E9 40 00 00 00
000010 DD D7 80 C1 F7 7A 09 00 00 00 00 00 00 00 00 00
000020 00 00 00 00 00 00 00 00 00 00 00 00 00 00 00 00
000030 00 00 00 00 00 00 00 00 00 00 00
I 18.856001 000000 02 81 20 36 00 32 00 90 00 A1 30 EC 40 00 00 00
000010 DD D7 80 C0 F7 7A 09 00 00 00 00 00 00 00 00 00
000020 00 00 00 00 00 00 00 00 00 00 00 00 00 00 00 00
000030 00 00 00 00 00 00 00 00 00 00 00
I 18.871000 000000 02 81 20 36 00 32 00 90 00 A1 30 EF 40 00 00 00
000010 DE D7 80 C0 D7 7A 09 00 00 00 00 00 00 00 00 00
000020 00 00 00 00 00 00 00 00 00 00 00 00 00 00 00 00
000030 00 00 00 00 00 00 00 00 00 00 00
I 18.885983 000000 02 81 20 36 00 32 00 90 00 A1 30 F2 40 00 00 00
000010 DD F7 80 C1 F7 7A 09 00 00 00 00 00 00 00 00 00
000020 00 00 00 00 00 00 00 00 00 00 00 00 00 00 00 00
000030 00 00 00 00 00 00 00 00 00 00 00
I 18.900980 000000 02 81 20 36 00 32 00 90 00 A1 30 F5 40 00 00 00
000010 DE E7 80 C1 F7 7A 09 00 00 00 00 00 00 00 00 00
000020 00 00 00 00 00 00 00 00 00 00 00 00 00 00 00 00
000030 00 00 00 00 00 00 00 00 00 00 00
I 18.915981 000000 02 81 20 36 00 32 00 90 00 A1 30 F8 40 00 00 00
000010 DD D7 80 C1 07 7B 09 00 00 00 00 00 00 00 00 00
000020 00 00 00 00 00 00 00 00 00 00 00 00 00 00 00 00
000030 00 00 00 00 00 00 00 00 00 00 00
I 18.931000 000000 02 81 20 36 00 32 00 90 00 A1 30 FB 40 00 00 00
000010 DD E7 80 C1 F7 7A 09 00 00 00 00 00 00 00 00 00
000020 00 00 00 00 00 00 00 00 00 00 00 00 00 00 00 00
000030 00 00 00 00 00 00 00 00 00 00 00
I 18.945999 000000 02 81 20 36 00 32 00 90 00 A1 30 FE 40 00 00 00
000010 DD C7 80 C0 F7 7A 09 00 00 00 00 00 00 00 00 00
000020 00 00 00 00 00 00 00 00 00 00 00 00 00 00 00 00
000030 00 00 00 00 00 00 00 00 00 00 00
I 18.962233 000000 02 81 20 36 00 32 00 90 00 A1 30 01 40 00 00 00
000010 DD D7 80 C0 F7 7A 09 00 00 00 00 00 00 00 00 00
000020 00 00 00 00 00 00 00 00 00 00 00 00 00 00 00 00
000030 00 00 00 00 00 00 00 00 00 00 00
I 18.975990 000000 02 81 20 36 00 32 00 90 00 A1 30 04 40 00 00 00
000010 DE E7 80 C1 F7 7A 09 00 00 00 00 00 00 00 00 00
000020 00 00 00 00 00 00 00 00 00 00 00 00 00 00 00 00
000030 00 00 00 00 00 00 00 00 00 00 00
I 18.990988 000000 02 81 20 36 00 32 00 90 00 A1 30 07 40 00 00 00
000010 DE C7 80 C0 F7 7A 09 00 00 00 00 00 00 00 00 00
000020 00 00 00 00 00 00 00 00 00 00 00 00 00 00 00 00
000030 00 00 00 00 00 00 00 00 00 00 00
I 19.006004 000000 02 81 20 36 00 32 00 90 00 A1 30 0A 40 00 00 00
000010 DD D7 80 C0 17 7B 09 00 00 00 00 00 00 00 00 00
000020 00 00 00 00 00 00 00 00 00 00 00 00 00 00 00 00
000030 00 00 00 00 00 00 00 00 00 00 00
I 19.021004 000000 02 81 20 36 00 32 00 90 00 A1 30 0D 40 00 00 00
000010 DE C7 80 C0 F7 7A 09 00 00 00 00 00 00 00 00 00
000020 00 00 00 00 00 00 00 00 00 00 00 00 00 00 00 00
000030 00 00 00 00 00 00 00 00 00 00 00
I 19.037235 000000 02 81 20 36 00 32 00 90 00 A1 30 10 40 00 00 00
000010 DC D7 80 C1 E7 7A 09 00 00 00 00 00 00 00 00 00
000020 00 00 00 00 00 00 00 00 00 00 00 00 00 00 00 00
000030 00 00 00 00 00 00 00 00 00 00 00
I 19.050985 000000 02 81 20 36 00 32 00 90 00 A1 30 13 40 00 00 00
000010 DE D7 80 C1 F7 7A 09 00 00 00 00 00 00 00 00 00
000020 00 00 00 00 00 00 00 00 00 00 00 00 00 00 00 00
000030 00 00 00 00 00 00 00 00 00 00 00
I 19.067236 000000 02 81 20 36 00 32 00 90 00 A1 30 16 40 00 00 00
000010 DD D7 80 C0 F7 7A 09 00 00 00 00 00 00 00 00 00
000020 00 00 00 00 00 00 00 00 00 00 00 00 00 00 00 00
000030 00 00 00 00 00 00 00 00 00 00 00
I 19.081003 000000 02 81 20 36 00 32 00 90 00 A1 30 19 40 00 00 00
000010 DC D7 80 C0 E7 7A 09 00 00 00 00 00 00 00 00 00
000020 00 00 00 00 00 00 00 00 00 00 00 00 00 00 00 00
000030 00 00 00 00 00 00 00 00 00 00 00
I 19.096004 000000 02 81 20 36 00 32 00 90 00 A1 30 1C 40 00 00 00
000010 DE D7 80 C0 F7 7A 09 00 00 00 00 00 00 00 00 00
000020 00 00 00 00 00 00 00 00 00 00 00 00 00 00 00 00
000030 00 00 00 00 00 00 00 00 00 00 00
# bt_host_disconnect_all BOOT SW pressed, DISCONN all devices!
# bt_hci_cmd_disconnect
O 19.103287 000000 01 06 04 03 81 00 15
I 19.103840 000000 04 0F 04 00 05 06 04
# BT_HCI_EVT_CMD_STATUS
I 19.111015 000000 02 81 20 36 00 32 00 90 00 A1 30 1F 40 00 00 00
000010 DD E7 80 C0 F7 7A 09 00 00 00 00 00 00 00 00 00
000020 00 00 00 00 00 00 00 00 00 00 00 00 00 00 00 00
000030 00 00 00 00 00 00 00 00 00 00 00
I 19.117151 000000 04 14 06 00 81 00 00 00 00
I 19.145727 000000 04 05 04 00 81 00 16
# BT_HCI_EVT_DISCONN_COMPLETE
# DISCONN from dev: 0
# bt_hci_cmd_le_set_scan_enable
# bt_hci_cmd_le_set_scan_param_active
# bt_hci_cmd_le_set_scan_enable
# bt_hci_cmd_periodic_inquiry
# bt_hci_cmd_le_set_adv_enable
O 19.147604 000000 01 0C 20 02 00 01
I 19.148289 000000 04 0E 04 05 0C 20 00
# BT_HCI_EVT_CMD_COMPLETE
O 19.148939 000000 01 0B 20 07 01 24 00 12 00 00 00
I 19.149504 000000 04 0E 04 05 0B 20 00
# BT_HCI_EVT_CMD_COMPLETE
O 19.150057 000000 01 0C 20 02 01 01
I 19.150751 000000 04 0E 04 05 0C 20 00
# BT_HCI_EVT_CMD_COMPLETE
O 19.151312 000000 01 03 04 09 0A 00 08 00 33 8B 9E 03 FF
I 19.151863 000000 04 0E 04 05 03 04 00
# BT_HCI_EVT_CMD_COMPLETE
O 19.152512 000000 01 0A 20 01 01
I 19.153124 000000 04 0E 04 05 0A 20 00
# BT_HCI_EVT_CMD_COMPLETE
I 19.187639 000000 04 3E 1B 02 01 03 01 FB 25 F2 CB 2B 31 0F 02 01
000010 1A 0B FF 4C 00 09 06 03 6D C0 A8 56 D5 C5
# BT_HCI_EVT_LE_ADVERTISING_REPORT
I 19.258747 000000 04 3E 14 02 01 03 01 E5 53 DC 97 63 F9 08 07 FF
000010 4C 00 12 02 00 03 A4
# BT_HCI_EVT_LE_ADVERTISING_REPORT
I 19.350132 000000 04 3E 2B 02 01 03 01 CD 36 69 A4 E3 3E 1F 1E FF
000010 06 00 01 0F 20 02 BD 25 91 E6 95 AC 12 0F 2F E7
000020 F1 41 C4 05 FF B1 AC 59 5F 13 6D D2 71 BE
# BT_HCI_EVT_LE_ADVERTISING_REPORT
I 19.462095 000000 04 3E 28 02 01 02 01 5F 8E B2 EC 00 59 1C 03 03
000010 9F FE 17 16 9F FE 00 00 00 00 00 00 00 00 00 00
000020 00 00 00 00 00 00 00 00 00 00 A1
# BT_HCI_EVT_LE_ADVERTISING_REPORT
I 19.463577 000000 04 3E 16 02 01 04 01 5F 8E B2 EC 00 59 0A 09 FF
000010 E0 00 00 70 CA 7A C1 17 9D
# BT_HCI_EVT_LE_ADVERTISING_REPORT
I 19.798288 000000 04 3E 28 02 01 02 01 F4 7A 05 57 AF 41 1C 03 03
000010 9F FE 17 16 9F FE 00 00 00 00 00 00 00 00 00 00
000020 00 00 00 00 00 00 00 00 00 00 BE
# BT_HCI_EVT_LE_ADVERTISING_REPORT
I 19.799797 000000 04 3E 16 02 01 04 01 F4 7A 05 57 AF 41 0A 09 FF
000010 E0 00 56 A8 CA 87 56 E9 BE
# BT_HCI_EVT_LE_ADVERTISING_REPORT
I 19.841219 000000 04 3E 1D 02 01 00 00 20 A3 69 CD 69 C8 11 02 01
000010 1A 02 0A 0C 0A FF 4C 00 10 05 09 14 23 39 7C A9
# BT_HCI_EVT_LE_ADVERTISING_REPORT
I 20.137621 000000 04 3E 2B 02 01 03 01 82 35 62 6C 62 49 1F 1E FF
000010 06 00 01 09 20 02 53 41 50 3D 9F 18 67 E7 B0 DF
000020 D9 7A 81 07 53 FF 1B 4F D8 A3 69 89 F0 B3
# BT_HCI_EVT_LE_ADVERTISING_REPORT
I 20.357321 000000 04 3E 28 02 01 02 01 8D AF BD FD 98 52 1C 03 03
000010 9F FE 17 16 9F FE 00 00 00 00 00 00 00 00 00 00
000020 00 00 00 00 00 00 00 00 00 00 A6
# BT_HCI_EVT_LE_ADVERTISING_REPORT
I 20.358829 000000 04 3E 16 02 01 04 01 8D AF BD FD 98 52 0A 09 FF
000010 E0 00 32 AE CA 32 83 3D A9
# BT_HCI_EVT_LE_ADVERTISING_REPORT
I 20.790096 000000 04 3E 1B 02 01 03 01 B9 E5 AF 00 EF 27 0F 02 01
000010 1A 0B FF 4C 00 09 06 03 12 C0 A8 01 08 A5
# BT_HCI_EVT_LE_ADVERTISING_REPORT
I 21.102779 000000 04 3E 1D 02 01 00 00 36 12 57 EC B3 F0 11 02 01
000010 1A 02 0A 04 0A FF 4C 00 10 05 01 10 F2 88 78 CE
# BT_HCI_EVT_LE_ADVERTISING_REPORT
I 21.103781 000000 04 3E 0C 02 01 04 00 36 12 57 EC B3 F0 00 CE
# BT_HCI_EVT_LE_ADVERTISING_REPORT
scan_evt timeout
I 21.105242 000000 04 3E 28 02 01 02 01 D5 4B 99 D6 EE 5F 1C 03 03
000010 9F FE 17 16 9F FE 00 00 00 00 00 00 00 00 00 00
000020 00 00 00 00 00 00 00 00 00 00 B2
# BT_HCI_EVT_LE_ADVERTISING_REPORT
I 21.107224 000000 04 3E 16 02 01 04 01 D5 4B 99 D6 EE 5F 0A 09 FF
000010 E0 00 56 17 CA 55 5C 71 B2
# BT_HCI_EVT_LE_ADVERTISING_REPORT
# wired_port_hdl: Update ports state: 0000
I 21.795244 000000 04 3E 28 02 01 02 01 BC 86 70 C0 00 41 1C 03 03
000010 9F FE 17 16 9F FE 00 00 00 00 00 00 00 00 00 00
000020 00 00 00 00 00 00 00 00 00 00 B6
# BT_HCI_EVT_LE_ADVERTISING_REPORT
I 21.796858 000000 04 3E 16 02 01 04 01 BC 86 70 C0 00 41 0A 09 FF
000010 E0 00 56 CB CA 82 5B 44 B5
# BT_HCI_EVT_LE_ADVERTISING_REPORT
I 22.874376 000000 04 3E 28 02 01 02 01 74 A9 EA C3 61 48 1C 03 03
000010 9F FE 17 16 9F FE 00 00 00 00 00 00 00 00 00 00
000020 00 00 00 00 00 00 00 00 00 00 BA
# BT_HCI_EVT_LE_ADVERTISING_REPORT
I 22.875996 000000 04 3E 16 02 01 04 01 74 A9 EA C3 61 48 0A 09 FF
000010 E0 00 56 19 CA 90 F4 40 BA
# BT_HCI_EVT_LE_ADVERTISING_REPORT
I 22.988604 000000 04 01 01 00
# BT_HCI_EVT_INQUIRY_COMPLETE
I 22.995453 000000 04 3E 29 02 01 02 01 49 E2 24 4E D3 57 1D 02 01
000010 1A 09 FF C4 00 20 33 14 12 16 80 02 0A D4 03 03
000020 B9 FE 08 1B 00 99 3B D4 86 2F 40 A0
# BT_HCI_EVT_LE_ADVERTISING_REPORT
I 22.996931 000000 04 3E 1A 02 01 04 01 49 E2 24 4E D3 57 0E 0A 09
000010 50 C3 A9 70 69 6E 20 54 56 02 0A D4 A2
# BT_HCI_EVT_LE_ADVERTISING_REPORT
I 24.026588 000000 04 3E 1F 02 01 00 01 71 45 48 AE 76 65 13 02 01
000010 1A 02 0A 07 0C FF 4C 00 10 07 3E 1F C8 DD 72 0B
000020 28 A4
# BT_HCI_EVT_LE_ADVERTISING_REPORT
I 24.027899 000000 04 3E 0C 02 01 04 01 71 45 48 AE 76 65 00 A5
# BT_HCI_EVT_LE_ADVERTISING_REPORT
# bt_hci_cmd_exit_periodic_inquiry
O 24.463242 000000 01 04 04 00
I 24.463884 000000 04 0E 04 05 04 04 00
# BT_HCI_EVT_CMD_COMPLETE
# bt_hci_cmd_le_set_scan_enable
O 24.464523 000000 01 0C 20 02 00 01
I 24.465183 000000 04 0E 04 05 0C 20 00
# BT_HCI_EVT_CMD_COMPLETE
# bt_hci_cmd_le_set_scan_param_passive
O 24.465881 000000 01 0B 20 07 00 00 04 12 00 00 01
I 24.466408 000000 04 0E 04 05 0B 20 00
# BT_HCI_EVT_CMD_COMPLETE
# bt_hci_cmd_le_set_scan_enable
O 24.467060 000000 01 0C 20 02 01 01
I 24.467756 000000 04 0E 04 05 0C 20 00
# BT_HCI_EVT_CMD_COMPLETE
