# bt_hci_cmd_reset
O 000000 01 03 0C 00
I 000000 04 0E 04 05 03 0C 00
# BT_HCI_EVT_CMD_COMPLETE
# bt_hci_cmd_read_local_features
O 000000 01 03 10 00
I 000000 04 0E 0C 05 03 10 00 BF EE CD FE DB FF 7B 87
# BT_HCI_EVT_CMD_COMPLETE
# bt_hci_cmd_read_local_version_info
O 000000 01 01 10 00
I 000000 04 0E 0C 05 01 10 00 08 0E 03 08 60 00 0E 03
# BT_HCI_EVT_CMD_COMPLETE
# bt_hci_cmd_read_bd_addr
O 000000 01 09 10 00
I 000000 04 0E 0A 05 09 10 00 2E C3 E0 BD 9E 7C
# BT_HCI_EVT_CMD_COMPLETE
# local_name: BlueRetro_N64_C32E
# local_bdaddr: 7C:9E:BD:E0:C3:2E
# bt_hci_cmd_read_buffer_size
O 000000 01 05 10 00
I 000000 04 0E 0B 05 05 10 00 FD 03 FF 09 00 04 00
# BT_HCI_EVT_CMD_COMPLETE
# bt_hci_cmd_read_class_of_device
O 000000 01 23 0C 00
I 000000 04 0E 07 05 23 0C 00 00 00 00
# BT_HCI_EVT_CMD_COMPLETE
# bt_hci_cmd_read_local_name
O 000000 01 14 0C 00
I 000000 04 0E FC 05 14 0C 00 00 00 00 00 00 00 00 00 00 00 00 00 00 00 00 00 00 00 00 00 00 00 00 00 00 00 00 00 00 00 00 00 00 00 00 00 00 00 00 00 00 00 00 00 00 00 00 00 00 00 00 00 00 00 00 00 00 00 00 00 00 00 00 00 00 00 00 00 00 00 00 00 00 00 00 00 00 00 00 00 00 00 00 00 00 00 00 00 00 00 00 00 00 00 00 00 00 00 00 00 00 00 00 00 00 00 00 00 00 00 00 00 00 00 00 00 00 00 00 00 00 00 00 00 00 00 00 00 00 00 00 00 00 00 00 00 00 00 00 00 00 00 00 00 00 00 00 00 00 00 00 00 00 00 00 00 00 00 00 00 00 00 00 00 00 00 00 00 00 00 00 00 00 00 00 00 00 00 00 00 00 00 00 00 00 00 00 00 00 00 00 00 00 00 00 00 00 00 00 00 00 00 00 00 00 00 00 00 00 00 00 00 00 00 00 00 00 00 00 00 00 00 00 00 00 00 00 00 00 00 00 00 00 00 00 00 00 00 00 00 00 00 00 00 00 00 00 00
# BT_HCI_EVT_CMD_COMPLETE
# bt_hci_cmd_read_voice_setting
O 000000 01 25 0C 00
I 000000 04 0E 06 05 25 0C 00 00 00
# BT_HCI_EVT_CMD_COMPLETE
# bt_hci_cmd_read_num_supported_iac
O 000000 01 38 0C 00
I 000000 04 0E 05 05 38 0C 00 01
# BT_HCI_EVT_CMD_COMPLETE
# bt_hci_cmd_read_current_iac_lap
O 000000 01 39 0C 00
I 000000 04 0E 08 05 39 0C 00 01 33 8B 9E
# BT_HCI_EVT_CMD_COMPLETE
# bt_hci_cmd_set_event_filter
O 000000 01 05 0C 01 00
I 000000 04 0E 04 05 05 0C 00
# BT_HCI_EVT_CMD_COMPLETE
# bt_hci_cmd_write_conn_accept_timeout
O 000000 01 16 0C 02 00 7D
I 000000 04 0E 04 05 16 0C 00
# BT_HCI_EVT_CMD_COMPLETE
# bt_hci_cmd_read_supported_commands
O 000000 01 02 10 00
I 000000 04 0E 44 05 02 10 00 BF FF FF 03 CC FF EF FF 3F FF FC 1F F2 0F E8 FE 3F F7 8F FF 1C 00 04 00 61 F7 FF FF 7F 38 C0 FF 7F FF FF 0F 00 00 00 00 00 00 00 00 00 00 00 00 00 00 00 00 00 00 00 00 00 00 00 00 00 00 00 00
# BT_HCI_EVT_CMD_COMPLETE
# bt_hci_cmd_write_ssp_mode
O 000000 01 56 0C 01 01
I 000000 04 0E 04 05 56 0C 00
# BT_HCI_EVT_CMD_COMPLETE
# bt_hci_cmd_write_inquiry_mode
O 000000 01 45 0C 01 02
I 000000 04 0E 04 05 45 0C 00
# BT_HCI_EVT_CMD_COMPLETE
# bt_hci_cmd_read_inquiry_rsp_tx_pwr_lvl
O 000000 01 58 0C 00
I 000000 04 0E 05 05 58 0C 00 F4
# BT_HCI_EVT_CMD_COMPLETE
# bt_hci_cmd_read_local_ext_features
O 000000 01 04 10 01 01
I 000000 04 0E 0E 05 04 10 00 01 02 01 00 00 00 00 00 00 00
# BT_HCI_EVT_CMD_COMPLETE
# bt_hci_cmd_read_stored_link_key
O 000000 01 0D 0C 07 00 00 00 00 00 00 01
I 000000 04 0E 08 05 0D 0C 00 08 00 00 00
# BT_HCI_EVT_CMD_COMPLETE
# bt_hci_cmd_read_page_scan_activity
O 000000 01 1B 0C 00
I 000000 04 0E 08 05 1B 0C 00 00 08 12 00
# BT_HCI_EVT_CMD_COMPLETE
# bt_hci_cmd_read_page_scan_type
O 000000 01 46 0C 00
I 000000 04 0E 05 05 46 0C 00 00
# BT_HCI_EVT_CMD_COMPLETE
# bt_hci_cmd_write_le_host_supp
O 000000 01 6D 0C 02 01 00
I 000000 04 0E 04 05 6D 0C 00
# BT_HCI_EVT_CMD_COMPLETE
# bt_hci_cmd_le_read_wl_size
O 000000 01 0F 20 00
I 000000 04 0E 05 05 0F 20 00 0C
# BT_HCI_EVT_CMD_COMPLETE
# bt_hci_cmd_le_clear_wl
O 000000 01 10 20 00
I 000000 04 0E 04 05 10 20 00
# BT_HCI_EVT_CMD_COMPLETE
# bt_hci_cmd_le_add_dev_to_wl
O 000000 01 11 20 07 00 20 A4 52 22 16 44
I 000000 04 0E 04 05 11 20 00
# BT_HCI_EVT_CMD_COMPLETE
# bt_hci_cmd_le_add_dev_to_wl
O 000000 01 11 20 07 00 B7 58 96 5F C6 EE
I 000000 04 0E 04 05 11 20 00
# BT_HCI_EVT_CMD_COMPLETE
# bt_hci_cmd_delete_stored_link_key
O 000000 01 12 0C 07 00 00 00 00 00 00 01
I 000000 04 0E 06 05 12 0C 00 00 00
# BT_HCI_EVT_CMD_COMPLETE
# bt_hci_cmd_write_class_of_device
O 000000 01 24 0C 03 0C 01 1C
I 000000 04 0E 04 05 24 0C 00
# BT_HCI_EVT_CMD_COMPLETE
# bt_hci_cmd_write_local_name
O 000000 01 13 0C F8 42 6C 75 65 52 65 74 72 6F 20 41 64 61 70 74 65 72 00 00 00 00 00 00 00 00 00 00 00 00 00 00 00 00 00 00 00 00 00 00 00 00 00 00 00 00 00 00 00 00 00 00 00 00 00 00 00 00 00 00 00 00 00 00 00 00 00 00 00 00 00 00 00 00 00 00 00 00 00 00 00 00 00 00 00 00 00 00 00 00 00 00 00 00 00 00 00 00 00 00 00 00 00 00 00 00 00 00 00 00 00 00 00 00 00 00 00 00 00 00 00 00 00 00 00 00 00 00 00 00 00 00 00 00 00 00 00 00 00 00 00 00 00 00 00 00 00 00 00 00 00 00 00 00 00 00 00 00 00 00 00 00 00 00 00 00 00 00 00 00 00 00 00 00 00 00 00 00 00 00 00 00 00 00 00 00 00 00 00 00 00 00 00 00 00 00 00 00 00 00 00 00 00 00 00 00 00 00 00 00 00 00 00 00 00 00 00 00 00 00 00 00 00 00 00 00 00 00 00 00 00 00 00 00 00 00 00 00 00 00 00 00 00 00 00 00 00 00 00
I 000000 04 0E 04 05 13 0C 00
# BT_HCI_EVT_CMD_COMPLETE
# bt_hci_cmd_set_event_filter
O 000000 01 05 0C 08 01 01 00 05 00 00 1F 00
I 000000 04 0E 04 05 05 0C 00
# BT_HCI_EVT_CMD_COMPLETE
# bt_hci_cmd_set_event_filter
O 000000 01 05 0C 09 02 01 00 05 00 00 1F 00 01
I 000000 04 0E 04 05 05 0C 00
# BT_HCI_EVT_CMD_COMPLETE
# bt_hci_cmd_write_auth_enable
O 000000 01 20 0C 01 00
I 000000 04 0E 04 05 20 0C 00
# BT_HCI_EVT_CMD_COMPLETE
# bt_hci_cmd_set_event_mask
O 000000 01 01 0C 08 FF FF FB FF 07 F8 BF 3D
I 000000 04 0E 04 05 01 0C 00
# BT_HCI_EVT_CMD_COMPLETE
# bt_hci_cmd_write_page_scan_activity
O 000000 01 1C 0C 04 50 00 12 00
I 000000 04 0E 04 05 1C 0C 00
# BT_HCI_EVT_CMD_COMPLETE
# bt_hci_cmd_write_inquiry_scan_activity
O 000000 01 1E 0C 04 50 00 12 00
I 000000 04 0E 04 05 1E 0C 00
# BT_HCI_EVT_CMD_COMPLETE
# bt_hci_cmd_write_page_scan_type
O 000000 01 47 0C 01 01
I 000000 04 0E 04 05 47 0C 00
# BT_HCI_EVT_CMD_COMPLETE
# bt_hci_cmd_write_page_scan_timeout
O 000000 01 18 0C 02 00 20
I 000000 04 0E 04 05 18 0C 00
# BT_HCI_EVT_CMD_COMPLETE
# bt_hci_cmd_write_hold_mode_act
O 000000 01 2C 0C 01 00
I 000000 04 0E 04 05 2C 0C 01
# BT_HCI_EVT_CMD_COMPLETE
# bt_hci_cmd_write_scan_enable
O 000000 01 1A 0C 01 02
I 000000 04 0E 04 05 1A 0C 00
# BT_HCI_EVT_CMD_COMPLETE
# bt_hci_cmd_write_default_link_policy
O 000000 01 0F 08 02 0F 00
I 000000 04 0E 04 05 0F 08 00
# BT_HCI_EVT_CMD_COMPLETE
# bt_hci_cmd_le_read_buffer_size
O 000000 01 02 20 00
I 000000 04 0E 07 05 02 20 00 FB 00 0A
# BT_HCI_EVT_CMD_COMPLETE
# bt_att_set_le_max_mtu 247
# bt_hci_cmd_le_set_adv_param
O 000000 01 06 20 0F A0 00 A0 00 00 00 00 00 00 00 00 00 00 07 00
I 000000 04 0E 04 05 06 20 00
# BT_HCI_EVT_CMD_COMPLETE
# bt_hci_cmd_le_set_adv_data
O 000000 01 08 20 20 1B 02 01 06 03 02 0F 18 13 09 42 6C 75 65 52 65 74 72 6F 5F 4E 36 34 5F 43 33 32 45 00 00 00 00
I 000000 04 0E 04 05 08 20 00
# BT_HCI_EVT_CMD_COMPLETE
# bt_hci_cmd_le_set_scan_rsp_data
O 000000 01 09 20 20 12 11 07 56 9A 79 76 A1 2F 4B 31 B0 FA 80 51 56 0F 83 00 00 00 00 00 00 00 00 00 00 00 00 00 00
I 000000 04 0E 04 05 09 20 00
# BT_HCI_EVT_CMD_COMPLETE
# bt_hci_cmd_le_set_adv_enable
O 000000 01 0A 20 01 01
I 000000 04 0E 04 05 0A 20 00
# BT_HCI_EVT_CMD_COMPLETE
# bt_hci_cmd_le_set_scan_enable
# bt_hci_cmd_le_set_scan_param_active
# bt_hci_cmd_le_set_scan_enable
# bt_hci_cmd_periodic_inquiry
O 000000 01 0C 20 02 00 01
I 000000 04 0E 04 05 0C 20 0C
# BT_HCI_EVT_CMD_COMPLETE
# opcode: 0x200C error: 0x0C retry: 0
# bt_hci_cmd_le_set_scan_enable
# bt_hci_cmd_le_set_scan_param_active
# bt_hci_cmd_le_set_scan_enable
# bt_hci_cmd_periodic_inquiry
O 000000 01 0B 20 07 01 24 00 12 00 00 00
I 000000 04 0E 04 05 0B 20 00
# BT_HCI_EVT_CMD_COMPLETE
O 000000 01 0C 20 02 01 01
I 000000 04 0E 04 05 0C 20 00
# BT_HCI_EVT_CMD_COMPLETE
O 000000 01 03 04 09 0A 00 08 00 33 8B 9E 03 FF
I 000000 04 0E 04 05 03 04 00
# BT_HCI_EVT_CMD_COMPLETE
O 000000 01 0C 20 02 00 01
I 000000 04 0E 04 05 0C 20 00
# BT_HCI_EVT_CMD_COMPLETE
O 000000 01 0B 20 07 01 24 00 12 00 00 00
I 000000 04 0E 04 05 0B 20 00
# BT_HCI_EVT_CMD_COMPLETE
O 000000 01 0C 20 02 01 01
O 000000 01 03 04 09 0A 00 08 00 33 8B 9E 03 FF
I 000000 04 0E 04 04 03 04 0C
# BT_HCI_EVT_CMD_COMPLETE
# opcode: 0x0403 error: 0x0C retry: 0
I 000000 04 0E 04 05 0C 20 00
# BT_HCI_EVT_CMD_COMPLETE
I 000000 04 3E 2B 02 01 03 01 C5 4F 92 06 29 2B 1F 1E FF 06 00 01 0F 20 02 75 74 92 F7 55 DA 31 F1 1E 67 E9 CA 15 24 91 9F A7 F6 4E A6 89 A2 2B CD
# BT_HCI_EVT_LE_ADVERTISING_REPORT
# mc_restore: restore sucessful!
I 000000 04 3E 28 02 01 02 01 22 1B CD E3 67 5B 1C 03 03 9F FE 17 16 9F FE 00 00 00 00 00 00 00 00 00 00 00 00 00 00 00 00 00 00 00 00 C4
# BT_HCI_EVT_LE_ADVERTISING_REPORT
I 000000 04 3E 16 02 01 04 01 22 1B CD E3 67 5B 0A 09 FF E0 00 56 A8 CA 87 56 E9 C4
# BT_HCI_EVT_LE_ADVERTISING_REPORT
I 000000 04 3E 1D 02 01 00 00 36 12 57 EC B3 F0 11 02 01 1A 02 0A 04 0A FF 4C 00 10 05 01 10 F2 88 78 D2
# BT_HCI_EVT_LE_ADVERTISING_REPORT
I 000000 04 3E 0C 02 01 04 00 36 12 57 EC B3 F0 00 D2
# BT_HCI_EVT_LE_ADVERTISING_REPORT
I 000000 04 3E 1B 02 01 03 01 FE 64 04 DD EB 14 0F 02 01 1A 0B FF 4C 00 09 06 03 66 C0 A8 56 D5 CC
# BT_HCI_EVT_LE_ADVERTISING_REPORT
I 000000 04 3E 2B 02 01 03 01 31 8A C9 F4 D3 27 1F 1E FF 06 00 01 09 20 22 5A 8D DB 51 02 0C 17 FA A9 3C 6B B1 CF 07 FA E7 DB D1 BD D0 DD 90 D1 A5
# BT_HCI_EVT_LE_ADVERTISING_REPORT
I 000000 04 3E 28 02 01 02 01 72 5B 62 31 BA 6C 1C 03 03 9F FE 17 16 9F FE 00 00 00 00 00 00 00 00 00 00 00 00 00 00 00 00 00 00 00 00 AA
# BT_HCI_EVT_LE_ADVERTISING_REPORT
I 000000 04 3E 16 02 01 04 01 72 5B 62 31 BA 6C 0A 09 FF E0 00 32 0E CA 6D 88 03 A8
# BT_HCI_EVT_LE_ADVERTISING_REPORT
I 000000 04 3E 14 02 01 00 01 B0 65 A2 5C D9 C7 08 07 FF 4C 00 12 02 39 00 A6
# BT_HCI_EVT_LE_ADVERTISING_REPORT
I 000000 04 3E 1F 02 01 00 01 54 08 53 FB E5 54 13 02 01 1A 02 0A 0C 0C FF 4C 00 10 07 05 1B 7F B9 21 11 78 9F
# BT_HCI_EVT_LE_ADVERTISING_REPORT
I 000000 04 3E 0C 02 01 04 01 54 08 53 FB E5 54 00 9F
# BT_HCI_EVT_LE_ADVERTISING_REPORT
I 000000 04 3E 1E 02 01 00 01 C7 C5 7B 20 63 4F 12 02 01 1A 02 0A 0C 0B FF 4C 00 10 06 16 19 19 0C 02 78 9F
# BT_HCI_EVT_LE_ADVERTISING_REPORT
I 000000 04 3E 28 02 01 02 01 BD AE 81 85 10 7B 1C 03 03 9F FE 17 16 9F FE 00 00 00 00 00 00 00 00 00 00 00 00 00 00 00 00 00 00 00 00 A8
# BT_HCI_EVT_LE_ADVERTISING_REPORT
I 000000 04 3E 16 02 01 04 01 BD AE 81 85 10 7B 0A 09 FF E0 00 32 AE CA 32 83 3D A9
# BT_HCI_EVT_LE_ADVERTISING_REPORT
I 000000 04 3E 1B 02 01 03 01 31 4A 8A AC FF 14 0F 02 01 1A 0B FF 4C 00 09 06 03 04 C0 A8 01 08 AA
# BT_HCI_EVT_LE_ADVERTISING_REPORT
I 000000 04 01 01 00
# BT_HCI_EVT_INQUIRY_COMPLETE
I 000000 04 3E 28 02 01 02 01 B7 2C 67 48 26 6D 1C 03 03 9F FE 17 16 9F FE 00 00 00 00 00 00 00 00 00 00 00 00 00 00 00 00 00 00 00 00 C7
# BT_HCI_EVT_LE_ADVERTISING_REPORT
I 000000 04 3E 16 02 01 04 01 B7 2C 67 48 26 6D 0A 09 FF E0 00 56 19 CA 90 F4 40 C7
# BT_HCI_EVT_LE_ADVERTISING_REPORT
I 000000 04 3E 29 02 01 02 01 36 9C 9D 92 25 76 1D 02 01 1A 09 FF C4 00 1B 33 14 12 16 80 02 0A D4 03 03 B9 FE 08 1B 00 99 3B D4 86 2F 40 A9
# BT_HCI_EVT_LE_ADVERTISING_REPORT
I 000000 04 3E 2B 02 01 03 01 ED 03 5C 1A BA 78 1F 1E FF 06 00 01 09 20 02 31 E1 B2 27 29 3B C9 55 05 0D 54 78 3C D7 DA 29 54 28 F4 C8 C7 21 2D BF
# BT_HCI_EVT_LE_ADVERTISING_REPORT
I 000000 04 3E 1A 02 01 04 01 36 9C 9D 92 25 76 0E 0A 09 50 C3 A9 70 69 6E 20 54 56 02 0A D4 AA
# BT_HCI_EVT_LE_ADVERTISING_REPORT
I 000000 04 3E 28 02 01 02 01 BE 0B FC 69 21 70 1C 03 03 9F FE 17 16 9F FE 00 00 00 00 00 00 00 00 00 00 00 00 00 00 00 00 00 00 00 00 B4
# BT_HCI_EVT_LE_ADVERTISING_REPORT
I 000000 04 3E 16 02 01 04 01 BE 0B FC 69 21 70 0A 09 FF E0 00 56 17 CA 55 5C 71 B6
# BT_HCI_EVT_LE_ADVERTISING_REPORT
I 000000 04 3E 1F 02 01 00 01 5F 58 36 75 E2 E0 13 03 19 00 00 02 01 06 03 03 F0 0A 07 09 49 44 32 30 35 4C A5
# BT_HCI_EVT_LE_ADVERTISING_REPORT
I 000000 04 3E 21 02 01 04 01 5F 58 36 75 E2 E0 15 14 FF 81 01 E0 E2 75 36 58 5F 22 00 01 00 00 00 00 00 00 00 00 A5
# BT_HCI_EVT_LE_ADVERTISING_REPORT
I 000000 04 3E 28 02 01 02 01 DC 75 9B ED 1E 79 1C 03 03 9F FE 17 16 9F FE 00 00 00 00 00 00 00 00 00 00 00 00 00 00 00 00 00 00 00 00 B0
# BT_HCI_EVT_LE_ADVERTISING_REPORT
I 000000 04 3E 16 02 01 04 01 DC 75 9B ED 1E 79 0A 09 FF E0 00 56 CB CA 82 5B 44 B1
# BT_HCI_EVT_LE_ADVERTISING_REPORT
I 000000 04 3E 1D 02 01 00 00 20 A3 69 CD 69 C8 11 02 01 1A 02 0A 0C 0A FF 4C 00 10 05 09 14 23 39 7C AA
# BT_HCI_EVT_LE_ADVERTISING_REPORT
I 000000 04 3E 0C 02 01 04 00 20 A3 69 CD 69 C8 00 AA
# BT_HCI_EVT_LE_ADVERTISING_REPORT
I 000000 04 3E 1E 02 01 00 01 DB 6B 18 13 F3 42 12 02 01 1A 02 0A 0C 0B FF 4C 00 10 06 01 1A F7 6C 71 E0 A6
# BT_HCI_EVT_LE_ADVERTISING_REPORT
I 000000 04 3E 1E 02 01 00 01 82 5D 7D 7F 2E 63 12 02 01 1A 02 0A 0C 0B FF 4C 00 10 06 5C 1D 6D 58 71 A8 9E
# BT_HCI_EVT_LE_ADVERTISING_REPORT
I 000000 04 3E 14 02 01 03 01 2F D1 C6 79 35 E1 08 07 FF 4C 00 12 02 00 03 9C
# BT_HCI_EVT_LE_ADVERTISING_REPORT
I 000000 04 3E 1E 02 01 00 01 F7 1D 3F 3E 5D 4D 12 02 01 1A 02 0A 0C 0B FF 4C 00 10 06 03 19 1A C5 1A 08 A0
# BT_HCI_EVT_LE_ADVERTISING_REPORT
I 000000 04 3E 1F 02 01 00 01 E2 D7 20 82 13 4F 13 02 01 1A 02 0A 08 0C FF 4C 00 10 07 21 1B 68 32 87 D2 28 9B
# BT_HCI_EVT_LE_ADVERTISING_REPORT
I 000000 04 3E 1B 02 01 00 00 DB A6 EA CD 69 C8 0F 02 01 1A 0B FF 4C 00 09 06 03 26 00 00 00 00 A6
# BT_HCI_EVT_LE_ADVERTISING_REPORT
I 000000 04 3E 0C 02 01 04 00 DB A6 EA CD 69 C8 00 A6
# BT_HCI_EVT_LE_ADVERTISING_REPORT
I 000000 04 3E 28 02 01 02 01 17 59 AF 37 EB 52 1C 03 03 9F FE 17 16 9F FE 02 6E 77 2D 31 73 65 66 32 32 55 49 00 00 01 86 BC 83 CE 61 9B
# BT_HCI_EVT_LE_ADVERTISING_REPORT
I 000000 04 2F FF 01 73 25 CD 57 F0 D4 01 00 08 25 00 D6 6D C6 0C 09 4A 6F 79 2D 43 6F 6E 20 28 52 29 00 00 00 00 00 00 00 00 00 00 00 00 00 00 00 00 00 00 00 00 00 00 00 00 00 00 00 00 00 00 00 00 00 00 00 00 00 00 00 00 00 00 00 00 00 00 00 00 00 00 00 00 00 00 00 00 00 00 00 00 00 00 00 00 00 00 00 00 00 00 00 00 00 00 00 00 00 00 00 00 00 00 00 00 00 00 00 00 00 00 00 00 00 00 00 00 00 00 00 00 00 00 00 00 00 00 00 00 00 00 00 00 00 00 00 00 00 00 00 00 00 00 00 00 00 00 00 00 00 00 00 00 00 00 00 00 00 00 00 00 00 00 00 00 00 00 00 00 00 00 00 00 00 00 00 00 00 00 00 00 00 00 00 00 00 00 00 00 00 00 00 00 00 00 00 00 00 00 00 00 00 00 00 00 00 00 00 00 00 00 00 00 00 00 00 00 00 00 00 00 00 00 00 00 00 00 00 00 00 00 00 00 00 00 00 00 00 00 00 00 00 00 00 00 00 00 00
# BT_HCI_EVT_INQUIRY_RESULT
# Number of responce: 1
# bt_hci_cmd_connect
# Inquiry dev: 0 type: 0 bdaddr: D4:F0:57:CD:25:73
O 000000 01 05 04 0D 73 25 CD 57 F0 D4 18 CC 00 00 00 00 01
I 000000 04 0F 04 00 05 05 04
# BT_HCI_EVT_CMD_STATUS
I 000000 04 03 0B 00 81 00 73 25 CD 57 F0 D4 01 00
# BT_HCI_EVT_CONN_COMPLETE
# dev: 0 acl_handle: 0x0081
# bt_hci_cmd_le_set_adv_disable
# bt_hci_cmd_remote_name_request
O 000000 01 0A 20 01 00I 000000 04 1B 03 81 00 05

I 000000 04 0E 04 05 0A 20 00
# BT_HCI_EVT_CMD_COMPLETE
O 000000 01 19 04 0A 73 25 CD 57 F0 D4 01 00 00 00
I 000000 04 0F 04 00 05 19 04
# BT_HCI_EVT_CMD_STATUS
I 000000 04 07 FF 00 73 25 CD 57 F0 D4 4A 6F 79 2D 43 6F 6E 20 28 52 29 00 00 00 00 00 00 00 00 00 00 00 00 00 00 00 00 00 00 00 00 00 00 00 00 00 00 00 00 00 00 00 00 00 00 00 00 00 00 00 00 00 00 00 00 00 00 00 00 00 00 00 00 00 00 00 00 00 00 00 00 00 00 00 00 00 00 00 00 00 00 00 00 00 00 00 00 00 00 00 00 00 00 00 00 00 00 00 00 00 00 00 00 00 00 00 00 00 00 00 00 00 00 00 00 00 00 00 00 00 00 00 00 00 00 00 00 00 00 00 00 00 00 00 00 00 00 00 00 00 00 00 00 00 00 00 00 00 00 00 00 00 00 00 00 00 00 00 00 00 00 00 00 00 00 00 00 00 00 00 00 00 00 00 00 00 00 00 00 00 00 00 00 00 00 00 00 00 00 00 00 00 00 00 00 00 00 00 00 00 00 00 00 00 00 00 00 00 00 00 00 00 00 00 00 00 00 00 00 00 00 00 00 00 00 00 00 00 00 00 00 00 00 00 00 00 00 00 00 00 00 00 00 00 00 00 00 00
# BT_HCI_EVT_REMOTE_NAME_REQ_COMPLETE:
# bt_type_update: dev: 0 type: 5 subtype: 12
# bt_hci_cmd_exit_periodic_inquiry
# bt_hci_cmd_le_set_scan_enable
# bt_hci_cmd_le_set_scan_param_passive
# bt_hci_cmd_le_set_scan_enable
O 000000 01 04 04 00
# bt_hci_cmd_read_remote_features
# bt_hci_cmd_auth_requested
# dev: 0 type: 5:12 Joy-Con (R)
I 000000 04 0E 04 05 04 04 00
# BT_HCI_EVT_CMD_COMPLETE
O 000000 01 0C 20 02 00 01
I 000000 04 0E 04 05 0C 20 00
# BT_HCI_EVT_CMD_COMPLETE
O 000000 01 0B 20 07 00 00 04 12 00 00 01
I 000000 04 0E 04 05 0B 20 00
# BT_HCI_EVT_CMD_COMPLETE
O 000000 01 0C 20 02 01 01
I 000000 04 0E 04 05 0C 20 00
# BT_HCI_EVT_CMD_COMPLETE
O 000000 01 1B 04 02 81 00
I 000000 04 0F 04 00 05 1B 04
# BT_HCI_EVT_CMD_STATUS
I 000000 04 0B 0B 00 81 00 BF F8 CB FE CB EF 7B 87
# BT_HCI_EVT_REMOTE_FEATURES
# bt_hci_cmd_read_remote_ext_features
# bt_l2cap_cmd_ext_feat_mask_req
O 000000 01 11 04 02 81 00
I 000000 04 0F 04 00 05 11 04
# BT_HCI_EVT_CMD_STATUS
I 000000 04 17 06 73 25 CD 57 F0 D4
# BT_HCI_EVT_LINK_KEY_REQ
# bt_hci_cmd_link_key_neg_reply
O 000000 01 1C 04 03 81 00 01
I 000000 04 0F 04 00 05 1C 04
# BT_HCI_EVT_CMD_STATUS
O 000000 02 81 20 0A 00 06 00 01 00 0A 00 02 00 02 00
O 000000 01 0C 04 06 73 25 CD 57 F0 D4
I 000000 04 0E 0A 05 0C 04 00 73 25 CD 57 F0 D4
# BT_HCI_EVT_CMD_COMPLETE
I 000000 04 31 06 73 25 CD 57 F0 D4
# BT_HCI_EVT_IO_CAPA_REQ
# bt_hci_cmd_io_capability_reply
O 000000 01 2B 04 09 73 25 CD 57 F0 D4 03 00 00
I 000000 04 0E 0A 05 2B 04 00 73 25 CD 57 F0 D4
# BT_HCI_EVT_CMD_COMPLETE
I 000000 04 13 05 01 81 00 01 00
I 000000 02 81 20 0C 00 08 00 01 00 0B 00 04 00 02 00 01 00
# BT_L2CAP_INFO_RSP
I 000000 04 32 09 73 25 CD 57 F0 D4 03 00 00
I 000000 04 33 0A 73 25 CD 57 F0 D4 8F A2 01 00
# BT_HCI_EVT_USER_CONFIRM_REQ
# bt_hci_cmd_user_confirm_reply
O 000000 01 2C 04 06 73 25 CD 57 F0 D4
I 000000 04 0E 0A 05 2C 04 00 73 25 CD 57 F0 D4
# BT_HCI_EVT_CMD_COMPLETE
I 000000 04 36 07 00 73 25 CD 57 F0 D4
I 000000 04 18 17 73 25 CD 57 F0 D4 8D EB D6 72 EE FD B3 3B 5B FA E2 91 62 01 7A 19 04
# BT_HCI_EVT_LINK_KEY_NOTIFY
I 000000 04 06 03 00 81 00
# BT_HCI_EVT_AUTH_COMPLETE
# dev: 0 Pairing done
# bt_hci_cmd_set_conn_encrypt
# bt_l2cap_cmd_hid_ctrl_conn_req
O 000000 01 13 04 03 81 00 01
I 000000 04 0F 04 00 05 13 04
# BT_HCI_EVT_CMD_STATUS
O 000000 02 81 20 0C 00 08 00 01 00 02 01 04 00 11 00 80 00
I 000000 04 13 05 01 81 00 01 00
I 000000 04 23 0D 00 81 00 01 02 01 00 00 00 00 00 00 00
# BT_HCI_EVT_REMOTE_EXT_FEATURES
I 000000 04 08 04 00 81 00 01
# BT_HCI_EVT_ENCRYPT_CHANGE
I 000000 02 81 20 10 00 0C 00 01 00 03 01 08 00 40 00 80 00 00 00 00 00
# BT_L2CAP_CONN_RSP
O 000000 02 81 20 0C 00 08 00 01 00 04 02 04 00 40 00 00 00
I 000000 04 13 05 01 81 00 01 00
I 000000 02 81 20 10 00 0C 00 01 00 04 02 08 00 80 00 00 00 01 02 20 03
# BT_L2CAP_CONF_REQ
O 000000 02 81 20 12 00 0E 00 01 00 05 02 0A 00 40 00 00 00 00 00 01 02 20 03
I 000000 02 81 20 0E 00 0A 00 01 00 05 02 06 00 80 00 00 00 00 00
# BT_L2CAP_CONF_RSP
# bt_l2cap_cmd_hid_intr_conn_req
O 000000 02 81 20 0C 00 08 00 01 00 02 03 04 00 13 00 90 00
I 000000 04 13 05 01 81 00 01 00
I 000000 04 13 05 01 81 00 01 00
I 000000 02 81 20 10 00 0C 00 01 00 03 03 08 00 41 00 90 00 00 00 00 00
# BT_L2CAP_CONN_RSP
O 000000 02 81 20 0C 00 08 00 01 00 04 04 04 00 41 00 00 00
I 000000 02 81 20 10 00 0C 00 01 00 04 03 08 00 90 00 00 00 01 02 20 03
# BT_L2CAP_CONF_REQ
O 000000 02 81 20 12 00 0E 00 01 00 05 03 0A 00 41 00 00 00 00 00 01 02 20 03
I 000000 04 13 05 01 81 00 01 00
I 000000 02 81 20 0E 00 0A 00 01 00 05 04 06 00 90 00 00 00 00 00
# BT_L2CAP_CONF_RSP
# bt_hid_sw_init
I 000000 04 13 05 01 81 00 01 00
O 000000 02 81 20 36 00 32 00 41 00 A2 01 00 00 00 00 00 00 00 00 00 30 01 00 00 00 00 00 00 00 00 00 00 00 00 00 00 00 00 00 00 00 00 00 00 00 00 00 00 00 00 00 00 00 00 00 00 00 00 00
I 000000 02 81 20 11 00 0D 00 90 00 A1 3F 00 00 05 00 80 00 80 00 80 00 80
# bt_type_update: dev: 0 type: 5 subtype: 12
I 000000 04 13 05 01 81 00 01 00
I 000000 02 81 20 36 00 32 00 90 00 A1 21 53 4E 00 00 00 00 00 00 81 98 73 0B 80 30 00 00 00 00 00 00 00 00 00 00 00 00 00 00 00 00 00 00 00 00 00 00 00 00 00 00 00 00 00 00 00 00 00 00
I 000000 04 14 06 00 81 00 02 18 00
O 000000 02 81 20 36 00 32 00 41 00 A2 01 01 00 00 00 00 00 00 00 00 48 01 00 00 00 00 00 00 00 00 00 00 00 00 00 00 00 00 00 00 00 00 00 00 00 00 00 00 00 00 00 00 00 00 00 00 00 00 00
I 000000 04 13 05 01 81 00 01 00
I 000000 02 81 20 11 00 0D 00 90 00 A1 3F 00 00 08 00 80 00 80 00 80 00 80
I 000000 02 81 20 36 00 32 00 90 00 A1 21 5C 4E 00 00 00 00 00 00 82 98 73 0A 80 48 00 00 00 00 00 00 00 00 00 00 00 00 00 00 00 00 00 00 00 00 00 00 00 00 00 00 00 00 00 00 00 00 00 00
O 000000 02 81 20 36 00 32 00 41 00 A2 01 02 00 00 00 00 00 00 00 00 10 3D 60 00 00 12 00 00 00 00 00 00 00 00 00 00 00 00 00 00 00 00 00 00 00 00 00 00 00 00 00 00 00 00 00 00 00 00 00
I 000000 04 13 05 01 81 00 01 00
I 000000 02 81 20 36 00 32 00 90 00 A1 21 62 4E 00 00 00 00 00 00 82 A8 73 0A 90 10 3D 60 00 00 12 FF FF FF FF FF FF FF FF FF 9C 98 74 1C 25 43 C2 74 48 00 00 00 00 00 00 00 00 00 00 00
# BT_HIDP_SW_SUBCMD_READ_SPI 0x603D
# 000000 FF FF FF FF FF FF FF FF FF 9C 98 74 1C 25 43 C2
# 000010 74 48
O 000000 02 81 20 36 00 32 00 41 00 A2 01 03 00 00 00 00 00 00 00 00 10 86 60 00 00 12 00 00 00 00 00 00 00 00 00 00 00 00 00 00 00 00 00 00 00 00 00 00 00 00 00 00 00 00 00 00 00 00 00
I 000000 04 13 05 01 81 00 01 00
I 000000 02 81 20 36 00 32 00 90 00 A1 21 69 4E 00 00 00 00 00 00 80 A8 73 0A 90 10 86 60 00 00 12 19 00 49 BC 40 E1 DA A2 2D DA A2 2D A6 6A AA 90 04 49 00 00 00 00 00 00 00 00 00 00 00
# BT_HIDP_SW_SUBCMD_READ_SPI 0x6086
# 000000 19 00 49 BC 40 E1 DA A2 2D DA A2 2D A6 6A AA 90
# 000010 04 49
O 000000 02 81 20 36 00 32 00 41 00 A2 01 04 00 00 00 00 00 00 00 00 10 98 60 00 00 12 00 00 00 00 00 00 00 00 00 00 00 00 00 00 00 00 00 00 00 00 00 00 00 00 00 00 00 00 00 00 00 00 00
I 000000 04 13 05 01 81 00 01 00
I 000000 02 81 20 36 00 32 00 90 00 A1 21 6F 4E 00 00 00 00 00 00 81 88 73 0A 90 10 98 60 00 00 12 19 00 49 BC 40 E1 DA A2 2D DA A2 2D A6 6A AA 90 04 49 00 00 00 00 00 00 00 00 00 00 00
# BT_HIDP_SW_SUBCMD_READ_SPI 0x6098
# 000000 19 00 49 BC 40 E1 DA A2 2D DA A2 2D A6 6A AA 90
# 000010 04 49
O 000000 02 81 20 36 00 32 00 41 00 A2 01 05 00 00 00 00 00 00 00 00 10 10 80 00 00 16 00 00 00 00 00 00 00 00 00 00 00 00 00 00 00 00 00 00 00 00 00 00 00 00 00 00 00 00 00 00 00 00 00
I 000000 04 13 05 01 81 00 01 00
I 000000 02 81 20 36 00 32 00 90 00 A1 21 75 4E 00 00 00 00 00 00 80 98 73 0A 90 10 10 80 00 00 16 FF FF FF FF FF FF FF FF FF FF FF B2 A1 89 58 73 D6 F4 47 4D 44 46 00 00 00 00 00 00 00
# BT_HIDP_SW_SUBCMD_READ_SPI 0x8010
# 000000 FF FF FF FF FF FF FF FF FF FF FF B2 A1 89 58 73
# 000010 D6 F4 47 4D 44 46
# rel_min LX 4D6 RX 000
# neutral LX 889 RX 000
# rel_max LX 44D RX 000
# rel_min LY 47F RY 000
# neutral LY 735 RY 000
# rel_max LY 464 RY 000
#         LD 0BC RD 0BC
O 000000 02 81 20 36 00 32 00 41 00 A2 01 06 00 00 00 00 00 00 00 00 03 30 00 00 00 00 00 00 00 00 00 00 00 00 00 00 00 00 00 00 00 00 00 00 00 00 00 00 00 00 00 00 00 00 00 00 00 00 00
I 000000 04 13 05 01 81 00 01 00
I 000000 02 81 20 36 00 32 00 90 00 A1 21 7B 4E 00 00 00 00 00 00 82 98 73 0A 80 03 00 00 00 00 00 00 00 00 00 00 00 00 00 00 00 00 00 00 00 00 00 00 00 00 00 00 00 00 00 00 00 00 00 00
I 000000 02 81 20 36 00 32 00 90 00 A1 30 7E 4E 00 00 00 00 00 00 81 98 73 0A 00 00 00 00 00 00 00 00 00 00 00 00 00 00 00 00 00 00 00 00 00 00 00 00 00 00 00 00 00 00 00 00 00 00 00 00
# bt_type_update: dev: 0 type: 5 subtype: 12
I 000000 02 81 20 36 00 32 00 90 00 A1 30 81 4E 00 00 00 00 00 00 81 98 73 0A 00 00 00 00 00 00 00 00 00 00 00 00 00 00 00 00 00 00 00 00 00 00 00 00 00 00 00 00 00 00 00 00 00 00 00 00
I 000000 02 81 20 36 00 32 00 90 00 A1 30 84 4E 00 00 00 00 00 00 82 98 73 0A 00 00 00 00 00 00 00 00 00 00 00 00 00 00 00 00 00 00 00 00 00 00 00 00 00 00 00 00 00 00 00 00 00 00 00 00
I 000000 02 81 20 36 00 32 00 90 00 A1 30 87 4E 00 00 00 00 00 00 82 88 73 0A 00 00 00 00 00 00 00 00 00 00 00 00 00 00 00 00 00 00 00 00 00 00 00 00 00 00 00 00 00 00 00 00 00 00 00 00
I 000000 02 81 20 36 00 32 00 90 00 A1 30 8A 4E 00 00 00 00 00 00 81 98 73 0A 00 00 00 00 00 00 00 00 00 00 00 00 00 00 00 00 00 00 00 00 00 00 00 00 00 00 00 00 00 00 00 00 00 00 00 00
I 000000 02 81 20 36 00 32 00 90 00 A1 30 8D 4E 00 00 00 00 00 00 81 98 73 0A 00 00 00 00 00 00 00 00 00 00 00 00 00 00 00 00 00 00 00 00 00 00 00 00 00 00 00 00 00 00 00 00 00 00 00 00
I 000000 02 81 20 36 00 32 00 90 00 A1 30 90 4E 00 00 00 00 00 00 82 A8 73 0A 00 00 00 00 00 00 00 00 00 00 00 00 00 00 00 00 00 00 00 00 00 00 00 00 00 00 00 00 00 00 00 00 00 00 00 00
I 000000 02 81 20 36 00 32 00 90 00 A1 30 93 4E 00 00 00 00 00 00 82 98 73 0A 00 00 00 00 00 00 00 00 00 00 00 00 00 00 00 00 00 00 00 00 00 00 00 00 00 00 00 00 00 00 00 00 00 00 00 00
I 000000 02 81 20 36 00 32 00 90 00 A1 30 96 4E 00 00 00 00 00 00 80 98 73 0A 00 00 00 00 00 00 00 00 00 00 00 00 00 00 00 00 00 00 00 00 00 00 00 00 00 00 00 00 00 00 00 00 00 00 00 00
I 000000 02 81 20 36 00 32 00 90 00 A1 30 99 4E 00 00 00 00 00 00 82 98 73 0A 00 00 00 00 00 00 00 00 00 00 00 00 00 00 00 00 00 00 00 00 00 00 00 00 00 00 00 00 00 00 00 00 00 00 00 00
I 000000 02 81 20 36 00 32 00 90 00 A1 30 9C 4E 00 00 00 00 00 00 82 A8 73 0A 00 00 00 00 00 00 00 00 00 00 00 00 00 00 00 00 00 00 00 00 00 00 00 00 00 00 00 00 00 00 00 00 00 00 00 00
I 000000 02 81 20 36 00 32 00 90 00 A1 30 9F 4E 00 00 00 00 00 00 81 98 73 0A 00 00 00 00 00 00 00 00 00 00 00 00 00 00 00 00 00 00 00 00 00 00 00 00 00 00 00 00 00 00 00 00 00 00 00 00
I 000000 02 81 20 36 00 32 00 90 00 A1 30 A2 4E 00 00 00 00 00 00 81 88 73 0A 00 00 00 00 00 00 00 00 00 00 00 00 00 00 00 00 00 00 00 00 00 00 00 00 00 00 00 00 00 00 00 00 00 00 00 00
I 000000 02 81 20 36 00 32 00 90 00 A1 30 A5 4E 00 00 00 00 00 00 81 88 73 0A 00 00 00 00 00 00 00 00 00 00 00 00 00 00 00 00 00 00 00 00 00 00 00 00 00 00 00 00 00 00 00 00 00 00 00 00
I 000000 02 81 20 36 00 32 00 90 00 A1 30 A8 4E 00 00 00 00 00 00 80 A8 73 0A 00 00 00 00 00 00 00 00 00 00 00 00 00 00 00 00 00 00 00 00 00 00 00 00 00 00 00 00 00 00 00 00 00 00 00 00
I 000000 02 81 20 36 00 32 00 90 00 A1 30 AB 4E 00 00 00 00 00 00 81 98 73 0A 00 00 00 00 00 00 00 00 00 00 00 00 00 00 00 00 00 00 00 00 00 00 00 00 00 00 00 00 00 00 00 00 00 00 00 00
I 000000 02 81 20 36 00 32 00 90 00 A1 30 AE 4E 00 00 00 00 00 00 82 A8 73 0A 00 00 00 00 00 00 00 00 00 00 00 00 00 00 00 00 00 00 00 00 00 00 00 00 00 00 00 00 00 00 00 00 00 00 00 00
I 000000 02 81 20 36 00 32 00 90 00 A1 30 B1 4E 00 00 00 00 00 00 81 98 73 0A 00 00 00 00 00 00 00 00 00 00 00 00 00 00 00 00 00 00 00 00 00 00 00 00 00 00 00 00 00 00 00 00 00 00 00 00
I 000000 02 81 20 36 00 32 00 90 00 A1 30 B4 4E 00 00 00 00 00 00 81 A8 73 0A 00 00 00 00 00 00 00 00 00 00 00 00 00 00 00 00 00 00 00 00 00 00 00 00 00 00 00 00 00 00 00 00 00 00 00 00
I 000000 02 81 20 36 00 32 00 90 00 A1 30 B7 4E 00 00 00 00 00 00 81 98 73 0A 00 00 00 00 00 00 00 00 00 00 00 00 00 00 00 00 00 00 00 00 00 00 00 00 00 00 00 00 00 00 00 00 00 00 00 00
I 000000 02 81 20 36 00 32 00 90 00 A1 30 BA 4E 00 00 00 00 00 00 81 98 73 0A 00 00 00 00 00 00 00 00 00 00 00 00 00 00 00 00 00 00 00 00 00 00 00 00 00 00 00 00 00 00 00 00 00 00 00 00
I 000000 02 81 20 36 00 32 00 90 00 A1 30 BD 4E 00 00 00 00 00 00 81 98 73 0A 00 00 00 00 00 00 00 00 00 00 00 00 00 00 00 00 00 00 00 00 00 00 00 00 00 00 00 00 00 00 00 00 00 00 00 00
I 000000 02 81 20 36 00 32 00 90 00 A1 30 C0 4E 00 00 00 00 00 00 81 A8 73 0A 00 00 00 00 00 00 00 00 00 00 00 00 00 00 00 00 00 00 00 00 00 00 00 00 00 00 00 00 00 00 00 00 00 00 00 00
I 000000 02 81 20 36 00 32 00 90 00 A1 30 C3 4E 00 00 00 00 00 00 81 98 73 0A 00 00 00 00 00 00 00 00 00 00 00 00 00 00 00 00 00 00 00 00 00 00 00 00 00 00 00 00 00 00 00 00 00 00 00 00
I 000000 02 81 20 36 00 32 00 90 00 A1 30 C6 4E 00 00 00 00 00 00 82 98 73 0A 00 00 00 00 00 00 00 00 00 00 00 00 00 00 00 00 00 00 00 00 00 00 00 00 00 00 00 00 00 00 00 00 00 00 00 00
I 000000 02 81 20 36 00 32 00 90 00 A1 30 C9 4E 00 00 00 00 00 00 82 A8 73 0A 00 00 00 00 00 00 00 00 00 00 00 00 00 00 00 00 00 00 00 00 00 00 00 00 00 00 00 00 00 00 00 00 00 00 00 00
I 000000 02 81 20 36 00 32 00 90 00 A1 30 CC 4E 00 00 00 00 00 00 81 98 73 0A 00 00 00 00 00 00 00 00 00 00 00 00 00 00 00 00 00 00 00 00 00 00 00 00 00 00 00 00 00 00 00 00 00 00 00 00
I 000000 02 81 20 36 00 32 00 90 00 A1 30 CF 4E 00 00 00 00 00 00 81 88 73 0A 00 00 00 00 00 00 00 00 00 00 00 00 00 00 00 00 00 00 00 00 00 00 00 00 00 00 00 00 00 00 00 00 00 00 00 00
I 000000 02 81 20 36 00 32 00 90 00 A1 30 D2 4E 00 00 00 00 00 00 81 98 73 0A 00 00 00 00 00 00 00 00 00 00 00 00 00 00 00 00 00 00 00 00 00 00 00 00 00 00 00 00 00 00 00 00 00 00 00 00
I 000000 02 81 20 36 00 32 00 90 00 A1 30 D5 4E 00 00 00 00 00 00 81 98 73 0A 00 00 00 00 00 00 00 00 00 00 00 00 00 00 00 00 00 00 00 00 00 00 00 00 00 00 00 00 00 00 00 00 00 00 00 00
I 000000 02 81 20 36 00 32 00 90 00 A1 30 D8 4E 00 00 00 00 00 00 82 A8 73 0A 00 00 00 00 00 00 00 00 00 00 00 00 00 00 00 00 00 00 00 00 00 00 00 00 00 00 00 00 00 00 00 00 00 00 00 00
I 000000 02 81 20 36 00 32 00 90 00 A1 30 DB 4E 00 00 00 00 00 00 82 98 73 0A 00 00 00 00 00 00 00 00 00 00 00 00 00 00 00 00 00 00 00 00 00 00 00 00 00 00 00 00 00 00 00 00 00 00 00 00
I 000000 02 81 20 36 00 32 00 90 00 A1 30 DE 4E 00 00 00 00 00 00 82 98 73 0A 00 00 00 00 00 00 00 00 00 00 00 00 00 00 00 00 00 00 00 00 00 00 00 00 00 00 00 00 00 00 00 00 00 00 00 00
I 000000 02 81 20 36 00 32 00 90 00 A1 30 E1 4E 00 00 00 00 00 00 81 98 73 0A 00 00 00 00 00 00 00 00 00 00 00 00 00 00 00 00 00 00 00 00 00 00 00 00 00 00 00 00 00 00 00 00 00 00 00 00
I 000000 02 81 20 36 00 32 00 90 00 A1 30 E4 4E 00 00 00 00 00 00 82 88 73 0A 00 00 00 00 00 00 00 00 00 00 00 00 00 00 00 00 00 00 00 00 00 00 00 00 00 00 00 00 00 00 00 00 00 00 00 00
I 000000 02 81 20 36 00 32 00 90 00 A1 30 E7 4E 00 00 00 00 00 00 82 98 73 0A 00 00 00 00 00 00 00 00 00 00 00 00 00 00 00 00 00 00 00 00 00 00 00 00 00 00 00 00 00 00 00 00 00 00 00 00
I 000000 02 81 20 36 00 32 00 90 00 A1 30 EA 4E 00 00 00 00 00 00 81 88 73 0A 00 00 00 00 00 00 00 00 00 00 00 00 00 00 00 00 00 00 00 00 00 00 00 00 00 00 00 00 00 00 00 00 00 00 00 00
I 000000 02 81 20 36 00 32 00 90 00 A1 30 ED 4E 00 00 00 00 00 00 82 98 73 0A 00 00 00 00 00 00 00 00 00 00 00 00 00 00 00 00 00 00 00 00 00 00 00 00 00 00 00 00 00 00 00 00 00 00 00 00
I 000000 02 81 20 36 00 32 00 90 00 A1 30 F0 4E 00 00 00 00 00 00 82 98 73 0A 00 00 00 00 00 00 00 00 00 00 00 00 00 00 00 00 00 00 00 00 00 00 00 00 00 00 00 00 00 00 00 00 00 00 00 00
I 000000 02 81 20 36 00 32 00 90 00 A1 30 F3 4E 00 00 00 00 00 00 80 98 73 0A 00 00 00 00 00 00 00 00 00 00 00 00 00 00 00 00 00 00 00 00 00 00 00 00 00 00 00 00 00 00 00 00 00 00 00 00
I 000000 02 81 20 36 00 32 00 90 00 A1 30 F6 4E 00 00 00 00 00 00 82 A8 73 0A 00 00 00 00 00 00 00 00 00 00 00 00 00 00 00 00 00 00 00 00 00 00 00 00 00 00 00 00 00 00 00 00 00 00 00 00
I 000000 02 81 20 36 00 32 00 90 00 A1 30 F9 4E 00 00 00 00 00 00 82 98 73 0A 00 00 00 00 00 00 00 00 00 00 00 00 00 00 00 00 00 00 00 00 00 00 00 00 00 00 00 00 00 00 00 00 00 00 00 00
I 000000 02 81 20 36 00 32 00 90 00 A1 30 FC 4E 00 00 00 00 00 00 81 98 73 0A 00 00 00 00 00 00 00 00 00 00 00 00 00 00 00 00 00 00 00 00 00 00 00 00 00 00 00 00 00 00 00 00 00 00 00 00
I 000000 02 81 20 36 00 32 00 90 00 A1 30 FF 4E 00 00 00 00 00 00 82 98 73 0A 00 00 00 00 00 00 00 00 00 00 00 00 00 00 00 00 00 00 00 00 00 00 00 00 00 00 00 00 00 00 00 00 00 00 00 00
I 000000 02 81 20 36 00 32 00 90 00 A1 30 02 4E 00 00 00 00 00 00 82 88 73 0A 00 00 00 00 00 00 00 00 00 00 00 00 00 00 00 00 00 00 00 00 00 00 00 00 00 00 00 00 00 00 00 00 00 00 00 00
I 000000 02 81 20 36 00 32 00 90 00 A1 30 05 4E 00 00 00 00 00 00 80 A8 73 0A 00 00 00 00 00 00 00 00 00 00 00 00 00 00 00 00 00 00 00 00 00 00 00 00 00 00 00 00 00 00 00 00 00 00 00 00
I 000000 02 81 20 36 00 32 00 90 00 A1 30 08 4E 00 00 00 00 00 00 82 A8 73 0A 00 00 00 00 00 00 00 00 00 00 00 00 00 00 00 00 00 00 00 00 00 00 00 00 00 00 00 00 00 00 00 00 00 00 00 00
I 000000 02 81 20 36 00 32 00 90 00 A1 30 0B 4E 00 00 00 00 00 00 80 98 73 0A 00 00 00 00 00 00 00 00 00 00 00 00 00 00 00 00 00 00 00 00 00 00 00 00 00 00 00 00 00 00 00 00 00 00 00 00
I 000000 02 81 20 36 00 32 00 90 00 A1 30 0E 4E 00 00 00 00 00 00 82 98 73 0A 00 00 00 00 00 00 00 00 00 00 00 00 00 00 00 00 00 00 00 00 00 00 00 00 00 00 00 00 00 00 00 00 00 00 00 00
I 000000 02 81 20 36 00 32 00 90 00 A1 30 11 4E 00 00 00 00 00 00 81 98 73 0A 00 00 00 00 00 00 00 00 00 00 00 00 00 00 00 00 00 00 00 00 00 00 00 00 00 00 00 00 00 00 00 00 00 00 00 00
I 000000 02 81 20 36 00 32 00 90 00 A1 30 14 4E 00 00 00 00 00 00 82 88 73 0A 00 00 00 00 00 00 00 00 00 00 00 00 00 00 00 00 00 00 00 00 00 00 00 00 00 00 00 00 00 00 00 00 00 00 00 00
I 000000 02 81 20 36 00 32 00 90 00 A1 30 17 4E 00 00 00 00 00 00 81 A8 73 0A 00 00 00 00 00 00 00 00 00 00 00 00 00 00 00 00 00 00 00 00 00 00 00 00 00 00 00 00 00 00 00 00 00 00 00 00
I 000000 02 81 20 36 00 32 00 90 00 A1 30 1A 4E 00 00 00 00 00 00 80 98 73 0A 00 00 00 00 00 00 00 00 00 00 00 00 00 00 00 00 00 00 00 00 00 00 00 00 00 00 00 00 00 00 00 00 00 00 00 00
I 000000 02 81 20 36 00 32 00 90 00 A1 30 1D 4E 00 00 00 00 00 00 81 98 73 0A 00 00 00 00 00 00 00 00 00 00 00 00 00 00 00 00 00 00 00 00 00 00 00 00 00 00 00 00 00 00 00 00 00 00 00 00
I 000000 02 81 20 36 00 32 00 90 00 A1 30 20 4E 00 00 00 00 00 00 81 98 73 0A 00 00 00 00 00 00 00 00 00 00 00 00 00 00 00 00 00 00 00 00 00 00 00 00 00 00 00 00 00 00 00 00 00 00 00 00
I 000000 02 81 20 36 00 32 00 90 00 A1 30 23 4E 00 00 00 00 00 00 7F 98 73 0A 00 00 00 00 00 00 00 00 00 00 00 00 00 00 00 00 00 00 00 00 00 00 00 00 00 00 00 00 00 00 00 00 00 00 00 00
I 000000 02 81 20 36 00 32 00 90 00 A1 30 26 4E 00 00 00 00 00 00 80 A8 73 0A 00 00 00 00 00 00 00 00 00 00 00 00 00 00 00 00 00 00 00 00 00 00 00 00 00 00 00 00 00 00 00 00 00 00 00 00
I 000000 02 81 20 36 00 32 00 90 00 A1 30 29 4E 00 00 00 00 00 00 81 A8 73 0A 00 00 00 00 00 00 00 00 00 00 00 00 00 00 00 00 00 00 00 00 00 00 00 00 00 00 00 00 00 00 00 00 00 00 00 00
I 000000 02 81 20 36 00 32 00 90 00 A1 30 2C 4E 00 00 00 00 00 00 82 88 73 0A 00 00 00 00 00 00 00 00 00 00 00 00 00 00 00 00 00 00 00 00 00 00 00 00 00 00 00 00 00 00 00 00 00 00 00 00
I 000000 02 81 20 36 00 32 00 90 00 A1 30 2F 4E 00 00 00 00 00 00 82 98 73 0A 00 00 00 00 00 00 00 00 00 00 00 00 00 00 00 00 00 00 00 00 00 00 00 00 00 00 00 00 00 00 00 00 00 00 00 00
I 000000 02 81 20 36 00 32 00 90 00 A1 30 32 4E 00 00 00 00 00 00 82 A8 73 0A 00 00 00 00 00 00 00 00 00 00 00 00 00 00 00 00 00 00 00 00 00 00 00 00 00 00 00 00 00 00 00 00 00 00 00 00
I 000000 02 81 20 36 00 32 00 90 00 A1 30 35 4E 00 00 00 00 00 00 81 98 73 0A 00 00 00 00 00 00 00 00 00 00 00 00 00 00 00 00 00 00 00 00 00 00 00 00 00 00 00 00 00 00 00 00 00 00 00 00
I 000000 02 81 20 36 00 32 00 90 00 A1 30 38 4E 00 00 00 00 00 00 81 98 73 0A 00 00 00 00 00 00 00 00 00 00 00 00 00 00 00 00 00 00 00 00 00 00 00 00 00 00 00 00 00 00 00 00 00 00 00 00
I 000000 02 81 20 36 00 32 00 90 00 A1 30 3B 4E 00 00 00 00 00 00 81 88 73 0A 00 00 00 00 00 00 00 00 00 00 00 00 00 00 00 00 00 00 00 00 00 00 00 00 00 00 00 00 00 00 00 00 00 00 00 00
I 000000 02 81 20 36 00 32 00 90 00 A1 30 3E 4E 00 00 00 00 00 00 82 A8 73 0A 00 00 00 00 00 00 00 00 00 00 00 00 00 00 00 00 00 00 00 00 00 00 00 00 00 00 00 00 00 00 00 00 00 00 00 00
I 000000 02 81 20 36 00 32 00 90 00 A1 30 41 4E 00 00 00 00 00 00 81 A8 73 0A 00 00 00 00 00 00 00 00 00 00 00 00 00 00 00 00 00 00 00 00 00 00 00 00 00 00 00 00 00 00 00 00 00 00 00 00
I 000000 02 81 20 36 00 32 00 90 00 A1 30 44 4E 00 00 00 00 00 00 81 98 73 0A 00 00 00 00 00 00 00 00 00 00 00 00 00 00 00 00 00 00 00 00 00 00 00 00 00 00 00 00 00 00 00 00 00 00 00 00
I 000000 02 81 20 36 00 32 00 90 00 A1 30 47 4E 00 00 00 00 00 00 82 98 73 0A 00 00 00 00 00 00 00 00 00 00 00 00 00 00 00 00 00 00 00 00 00 00 00 00 00 00 00 00 00 00 00 00 00 00 00 00
I 000000 02 81 20 36 00 32 00 90 00 A1 30 4A 4E 00 00 00 00 00 00 82 98 73 0A 00 00 00 00 00 00 00 00 00 00 00 00 00 00 00 00 00 00 00 00 00 00 00 00 00 00 00 00 00 00 00 00 00 00 00 00
I 000000 02 81 20 36 00 32 00 90 00 A1 30 4D 4E 00 00 00 00 00 00 82 98 73 0A 00 00 00 00 00 00 00 00 00 00 00 00 00 00 00 00 00 00 00 00 00 00 00 00 00 00 00 00 00 00 00 00 00 00 00 00
I 000000 02 81 20 36 00 32 00 90 00 A1 30 50 4E 00 00 00 00 00 00 82 A8 73 0A 00 00 00 00 00 00 00 00 00 00 00 00 00 00 00 00 00 00 00 00 00 00 00 00 00 00 00 00 00 00 00 00 00 00 00 00
I 000000 02 81 20 36 00 32 00 90 00 A1 30 53 4E 00 00 00 00 00 00 80 98 73 0A 00 00 00 00 00 00 00 00 00 00 00 00 00 00 00 00 00 00 00 00 00 00 00 00 00 00 00 00 00 00 00 00 00 00 00 00
I 000000 02 81 20 36 00 32 00 90 00 A1 30 56 4E 00 00 00 00 00 00 81 98 73 0A 00 00 00 00 00 00 00 00 00 00 00 00 00 00 00 00 00 00 00 00 00 00 00 00 00 00 00 00 00 00 00 00 00 00 00 00
I 000000 02 81 20 36 00 32 00 90 00 A1 30 59 4E 00 00 00 00 00 00 81 88 73 0A 00 00 00 00 00 00 00 00 00 00 00 00 00 00 00 00 00 00 00 00 00 00 00 00 00 00 00 00 00 00 00 00 00 00 00 00
I 000000 02 81 20 36 00 32 00 90 00 A1 30 5C 4E 00 00 00 00 00 00 82 98 73 0A 00 00 00 00 00 00 00 00 00 00 00 00 00 00 00 00 00 00 00 00 00 00 00 00 00 00 00 00 00 00 00 00 00 00 00 00
I 000000 02 81 20 36 00 32 00 90 00 A1 30 5F 4E 00 00 00 00 00 00 82 98 73 0A 00 00 00 00 00 00 00 00 00 00 00 00 00 00 00 00 00 00 00 00 00 00 00 00 00 00 00 00 00 00 00 00 00 00 00 00
I 000000 02 81 20 36 00 32 00 90 00 A1 30 62 4E 00 00 00 00 00 00 81 98 73 0A 00 00 00 00 00 00 00 00 00 00 00 00 00 00 00 00 00 00 00 00 00 00 00 00 00 00 00 00 00 00 00 00 00 00 00 00
I 000000 02 81 20 36 00 32 00 90 00 A1 30 65 4E 00 00 00 00 00 00 80 98 73 0A 00 00 00 00 00 00 00 00 00 00 00 00 00 00 00 00 00 00 00 00 00 00 00 00 00 00 00 00 00 00 00 00 00 00 00 00
I 000000 02 81 20 36 00 32 00 90 00 A1 30 68 4E 00 00 00 00 00 00 81 88 73 0A 00 00 00 00 00 00 00 00 00 00 00 00 00 00 00 00 00 00 00 00 00 00 00 00 00 00 00 00 00 00 00 00 00 00 00 00
I 000000 02 81 20 36 00 32 00 90 00 A1 30 6B 4E 00 00 00 00 00 00 81 98 73 0A 00 00 00 00 00 00 00 00 00 00 00 00 00 00 00 00 00 00 00 00 00 00 00 00 00 00 00 00 00 00 00 00 00 00 00 00
I 000000 02 81 20 36 00 32 00 90 00 A1 30 6E 4E 00 00 00 00 00 00 81 88 73 0A 00 00 00 00 00 00 00 00 00 00 00 00 00 00 00 00 00 00 00 00 00 00 00 00 00 00 00 00 00 00 00 00 00 00 00 00
I 000000 02 81 20 36 00 32 00 90 00 A1 30 71 4E 00 00 00 00 00 00 81 A8 73 0A 00 00 00 00 00 00 00 00 00 00 00 00 00 00 00 00 00 00 00 00 00 00 00 00 00 00 00 00 00 00 00 00 00 00 00 00
I 000000 02 81 20 36 00 32 00 90 00 A1 30 74 4E 00 00 00 00 00 00 82 98 73 0A 00 00 00 00 00 00 00 00 00 00 00 00 00 00 00 00 00 00 00 00 00 00 00 00 00 00 00 00 00 00 00 00 00 00 00 00
I 000000 02 81 20 36 00 32 00 90 00 A1 30 77 4E 00 00 00 00 00 00 82 A8 73 0A 00 00 00 00 00 00 00 00 00 00 00 00 00 00 00 00 00 00 00 00 00 00 00 00 00 00 00 00 00 00 00 00 00 00 00 00
I 000000 02 81 20 36 00 32 00 90 00 A1 30 7A 4E 00 00 00 00 00 00 81 88 73 0A 00 00 00 00 00 00 00 00 00 00 00 00 00 00 00 00 00 00 00 00 00 00 00 00 00 00 00 00 00 00 00 00 00 00 00 00
I 000000 02 81 20 36 00 32 00 90 00 A1 30 7D 4E 00 00 00 00 00 00 82 98 73 0A 00 00 00 00 00 00 00 00 00 00 00 00 00 00 00 00 00 00 00 00 00 00 00 00 00 00 00 00 00 00 00 00 00 00 00 00
I 000000 02 81 20 36 00 32 00 90 00 A1 30 80 4E 00 00 00 00 00 00 82 A8 73 0A 00 00 00 00 00 00 00 00 00 00 00 00 00 00 00 00 00 00 00 00 00 00 00 00 00 00 00 00 00 00 00 00 00 00 00 00
I 000000 02 81 20 36 00 32 00 90 00 A1 30 83 4E 00 00 00 00 00 00 82 88 73 0A 00 00 00 00 00 00 00 00 00 00 00 00 00 00 00 00 00 00 00 00 00 00 00 00 00 00 00 00 00 00 00 00 00 00 00 00
I 000000 02 81 20 36 00 32 00 90 00 A1 30 86 4E 00 00 00 00 00 00 81 98 73 0A 00 00 00 00 00 00 00 00 00 00 00 00 00 00 00 00 00 00 00 00 00 00 00 00 00 00 00 00 00 00 00 00 00 00 00 00
I 000000 02 81 20 36 00 32 00 90 00 A1 30 89 4E 00 00 00 00 00 00 81 A8 73 0A 00 00 00 00 00 00 00 00 00 00 00 00 00 00 00 00 00 00 00 00 00 00 00 00 00 00 00 00 00 00 00 00 00 00 00 00
I 000000 02 81 20 36 00 32 00 90 00 A1 30 8C 4E 00 00 00 00 00 00 81 98 73 0A 00 00 00 00 00 00 00 00 00 00 00 00 00 00 00 00 00 00 00 00 00 00 00 00 00 00 00 00 00 00 00 00 00 00 00 00
I 000000 02 81 20 36 00 32 00 90 00 A1 30 8F 4E 00 00 00 00 00 00 81 98 73 0A 00 00 00 00 00 00 00 00 00 00 00 00 00 00 00 00 00 00 00 00 00 00 00 00 00 00 00 00 00 00 00 00 00 00 00 00
I 000000 02 81 20 36 00 32 00 90 00 A1 30 92 4E 00 00 00 00 00 00 81 98 73 0A 00 00 00 00 00 00 00 00 00 00 00 00 00 00 00 00 00 00 00 00 00 00 00 00 00 00 00 00 00 00 00 00 00 00 00 00
I 000000 02 81 20 36 00 32 00 90 00 A1 30 95 4E 00 00 00 00 00 00 80 98 73 0A 00 00 00 00 00 00 00 00 00 00 00 00 00 00 00 00 00 00 00 00 00 00 00 00 00 00 00 00 00 00 00 00 00 00 00 00
I 000000 02 81 20 36 00 32 00 90 00 A1 30 98 4E 00 00 00 00 00 00 81 98 73 0A 00 00 00 00 00 00 00 00 00 00 00 00 00 00 00 00 00 00 00 00 00 00 00 00 00 00 00 00 00 00 00 00 00 00 00 00
I 000000 02 81 20 36 00 32 00 90 00 A1 30 9B 4E 00 00 00 00 00 00 80 A8 73 0A 00 00 00 00 00 00 00 00 00 00 00 00 00 00 00 00 00 00 00 00 00 00 00 00 00 00 00 00 00 00 00 00 00 00 00 00
I 000000 02 81 20 36 00 32 00 90 00 A1 30 9E 4E 00 00 00 00 00 00 82 98 73 0A 00 00 00 00 00 00 00 00 00 00 00 00 00 00 00 00 00 00 00 00 00 00 00 00 00 00 00 00 00 00 00 00 00 00 00 00
I 000000 02 81 20 36 00 32 00 90 00 A1 30 A1 4E 00 00 00 00 00 00 81 98 73 0A 00 00 00 00 00 00 00 00 00 00 00 00 00 00 00 00 00 00 00 00 00 00 00 00 00 00 00 00 00 00 00 00 00 00 00 00
I 000000 02 81 20 36 00 32 00 90 00 A1 30 A4 4E 00 00 00 00 00 00 81 A8 73 0A 00 00 00 00 00 00 00 00 00 00 00 00 00 00 00 00 00 00 00 00 00 00 00 00 00 00 00 00 00 00 00 00 00 00 00 00
I 000000 02 81 20 36 00 32 00 90 00 A1 30 A7 4E 00 00 00 00 00 00 81 98 73 0A 00 00 00 00 00 00 00 00 00 00 00 00 00 00 00 00 00 00 00 00 00 00 00 00 00 00 00 00 00 00 00 00 00 00 00 00
I 000000 02 81 20 36 00 32 00 90 00 A1 30 AA 4E 00 00 00 00 00 00 81 98 73 0A 00 00 00 00 00 00 00 00 00 00 00 00 00 00 00 00 00 00 00 00 00 00 00 00 00 00 00 00 00 00 00 00 00 00 00 00
I 000000 02 81 20 36 00 32 00 90 00 A1 30 AD 4E 00 00 00 00 00 00 81 98 73 0A 00 00 00 00 00 00 00 00 00 00 00 00 00 00 00 00 00 00 00 00 00 00 00 00 00 00 00 00 00 00 00 00 00 00 00 00
I 000000 02 81 20 36 00 32 00 90 00 A1 30 B0 4E 00 00 00 00 00 00 81 98 73 0A 00 00 00 00 00 00 00 00 00 00 00 00 00 00 00 00 00 00 00 00 00 00 00 00 00 00 00 00 00 00 00 00 00 00 00 00
I 000000 02 81 20 36 00 32 00 90 00 A1 30 B3 4E 00 00 00 00 00 00 81 98 73 0A 00 00 00 00 00 00 00 00 00 00 00 00 00 00 00 00 00 00 00 00 00 00 00 00 00 00 00 00 00 00 00 00 00 00 00 00
I 000000 02 81 20 36 00 32 00 90 00 A1 30 B6 4E 00 00 00 00 00 00 81 A8 73 0A 00 00 00 00 00 00 00 00 00 00 00 00 00 00 00 00 00 00 00 00 00 00 00 00 00 00 00 00 00 00 00 00 00 00 00 00
I 000000 02 81 20 36 00 32 00 90 00 A1 30 B9 4E 00 00 00 00 00 00 80 88 73 0A 00 00 00 00 00 00 00 00 00 00 00 00 00 00 00 00 00 00 00 00 00 00 00 00 00 00 00 00 00 00 00 00 00 00 00 00
I 000000 02 81 20 36 00 32 00 90 00 A1 30 BC 4E 00 00 00 00 00 00 81 A8 73 0A 00 00 00 00 00 00 00 00 00 00 00 00 00 00 00 00 00 00 00 00 00 00 00 00 00 00 00 00 00 00 00 00 00 00 00 00
I 000000 02 81 20 36 00 32 00 90 00 A1 30 BF 4E 00 00 00 00 00 00 82 98 73 0A 00 00 00 00 00 00 00 00 00 00 00 00 00 00 00 00 00 00 00 00 00 00 00 00 00 00 00 00 00 00 00 00 00 00 00 00
I 000000 02 81 20 36 00 32 00 90 00 A1 30 C2 4E 00 00 00 00 00 00 81 B8 73 0A 00 00 00 00 00 00 00 00 00 00 00 00 00 00 00 00 00 00 00 00 00 00 00 00 00 00 00 00 00 00 00 00 00 00 00 00
I 000000 02 81 20 36 00 32 00 90 00 A1 30 C5 4E 00 00 00 00 00 00 81 A8 73 0A 00 00 00 00 00 00 00 00 00 00 00 00 00 00 00 00 00 00 00 00 00 00 00 00 00 00 00 00 00 00 00 00 00 00 00 00
I 000000 02 81 20 36 00 32 00 90 00 A1 30 C8 4E 00 00 00 00 00 00 81 A8 73 0A 00 00 00 00 00 00 00 00 00 00 00 00 00 00 00 00 00 00 00 00 00 00 00 00 00 00 00 00 00 00 00 00 00 00 00 00
I 000000 02 81 20 36 00 32 00 90 00 A1 30 CB 4E 00 00 00 00 00 00 81 98 73 0A 00 00 00 00 00 00 00 00 00 00 00 00 00 00 00 00 00 00 00 00 00 00 00 00 00 00 00 00 00 00 00 00 00 00 00 00
I 000000 02 81 20 36 00 32 00 90 00 A1 30 CE 4E 00 00 00 00 00 00 82 A8 73 0A 00 00 00 00 00 00 00 00 00 00 00 00 00 00 00 00 00 00 00 00 00 00 00 00 00 00 00 00 00 00 00 00 00 00 00 00
I 000000 02 81 20 36 00 32 00 90 00 A1 30 D1 4E 00 00 00 00 00 00 81 98 73 0A 00 00 00 00 00 00 00 00 00 00 00 00 00 00 00 00 00 00 00 00 00 00 00 00 00 00 00 00 00 00 00 00 00 00 00 00
I 000000 02 81 20 36 00 32 00 90 00 A1 30 D4 4E 00 00 00 00 00 00 81 98 73 0A 00 00 00 00 00 00 00 00 00 00 00 00 00 00 00 00 00 00 00 00 00 00 00 00 00 00 00 00 00 00 00 00 00 00 00 00
I 000000 02 81 20 36 00 32 00 90 00 A1 30 D7 4E 00 00 00 00 00 00 82 88 73 0A 00 00 00 00 00 00 00 00 00 00 00 00 00 00 00 00 00 00 00 00 00 00 00 00 00 00 00 00 00 00 00 00 00 00 00 00
I 000000 02 81 20 36 00 32 00 90 00 A1 30 DA 4E 00 00 00 00 00 00 81 98 73 0A 00 00 00 00 00 00 00 00 00 00 00 00 00 00 00 00 00 00 00 00 00 00 00 00 00 00 00 00 00 00 00 00 00 00 00 00
I 000000 02 81 20 36 00 32 00 90 00 A1 30 DD 4E 00 00 00 00 00 00 81 98 73 0A 00 00 00 00 00 00 00 00 00 00 00 00 00 00 00 00 00 00 00 00 00 00 00 00 00 00 00 00 00 00 00 00 00 00 00 00
I 000000 02 81 20 36 00 32 00 90 00 A1 30 E0 4E 00 00 00 00 00 00 82 98 73 0A 00 00 00 00 00 00 00 00 00 00 00 00 00 00 00 00 00 00 00 00 00 00 00 00 00 00 00 00 00 00 00 00 00 00 00 00
I 000000 02 81 20 36 00 32 00 90 00 A1 30 E3 4E 00 00 00 00 00 00 81 98 73 0A 00 00 00 00 00 00 00 00 00 00 00 00 00 00 00 00 00 00 00 00 00 00 00 00 00 00 00 00 00 00 00 00 00 00 00 00
I 000000 02 81 20 36 00 32 00 90 00 A1 30 E6 4E 00 00 00 00 00 00 81 A8 73 0A 00 00 00 00 00 00 00 00 00 00 00 00 00 00 00 00 00 00 00 00 00 00 00 00 00 00 00 00 00 00 00 00 00 00 00 00
I 000000 02 81 20 36 00 32 00 90 00 A1 30 E9 4E 00 00 00 00 00 00 81 98 73 0A 00 00 00 00 00 00 00 00 00 00 00 00 00 00 00 00 00 00 00 00 00 00 00 00 00 00 00 00 00 00 00 00 00 00 00 00
I 000000 02 81 20 36 00 32 00 90 00 A1 30 EC 4E 00 00 00 00 00 00 81 A8 73 0A 00 00 00 00 00 00 00 00 00 00 00 00 00 00 00 00 00 00 00 00 00 00 00 00 00 00 00 00 00 00 00 00 00 00 00 00
I 000000 02 81 20 36 00 32 00 90 00 A1 30 EF 4E 00 00 00 00 00 00 81 98 73 0A 00 00 00 00 00 00 00 00 00 00 00 00 00 00 00 00 00 00 00 00 00 00 00 00 00 00 00 00 00 00 00 00 00 00 00 00
I 000000 02 81 20 36 00 32 00 90 00 A1 30 F2 4E 00 00 00 00 00 00 81 98 73 0A 00 00 00 00 00 00 00 00 00 00 00 00 00 00 00 00 00 00 00 00 00 00 00 00 00 00 00 00 00 00 00 00 00 00 00 00
I 000000 02 81 20 36 00 32 00 90 00 A1 30 F5 4E 00 00 00 00 00 00 81 98 73 0A 00 00 00 00 00 00 00 00 00 00 00 00 00 00 00 00 00 00 00 00 00 00 00 00 00 00 00 00 00 00 00 00 00 00 00 00
I 000000 02 81 20 36 00 32 00 90 00 A1 30 F8 4E 00 00 00 00 00 00 82 A8 73 0A 00 00 00 00 00 00 00 00 00 00 00 00 00 00 00 00 00 00 00 00 00 00 00 00 00 00 00 00 00 00 00 00 00 00 00 00
I 000000 02 81 20 36 00 32 00 90 00 A1 30 FB 4E 00 00 00 00 00 00 82 A8 73 0A 00 00 00 00 00 00 00 00 00 00 00 00 00 00 00 00 00 00 00 00 00 00 00 00 00 00 00 00 00 00 00 00 00 00 00 00
I 000000 02 81 20 36 00 32 00 90 00 A1 30 FE 4E 00 00 00 00 00 00 82 A8 73 0A 00 00 00 00 00 00 00 00 00 00 00 00 00 00 00 00 00 00 00 00 00 00 00 00 00 00 00 00 00 00 00 00 00 00 00 00
I 000000 02 81 20 36 00 32 00 90 00 A1 30 01 4E 00 00 00 00 00 00 82 A8 73 0A 00 00 00 00 00 00 00 00 00 00 00 00 00 00 00 00 00 00 00 00 00 00 00 00 00 00 00 00 00 00 00 00 00 00 00 00
I 000000 02 81 20 36 00 32 00 90 00 A1 30 04 4E 00 00 00 00 00 00 81 88 73 0A 00 00 00 00 00 00 00 00 00 00 00 00 00 00 00 00 00 00 00 00 00 00 00 00 00 00 00 00 00 00 00 00 00 00 00 00
I 000000 02 81 20 36 00 32 00 90 00 A1 30 07 4E 00 00 00 00 00 00 81 98 73 0A 00 00 00 00 00 00 00 00 00 00 00 00 00 00 00 00 00 00 00 00 00 00 00 00 00 00 00 00 00 00 00 00 00 00 00 00
I 000000 02 81 20 36 00 32 00 90 00 A1 30 0A 4E 00 00 00 00 00 00 82 A8 73 0A 00 00 00 00 00 00 00 00 00 00 00 00 00 00 00 00 00 00 00 00 00 00 00 00 00 00 00 00 00 00 00 00 00 00 00 00
I 000000 02 81 20 36 00 32 00 90 00 A1 30 0D 4E 00 00 00 00 00 00 81 98 73 0A 00 00 00 00 00 00 00 00 00 00 00 00 00 00 00 00 00 00 00 00 00 00 00 00 00 00 00 00 00 00 00 00 00 00 00 00
I 000000 02 81 20 36 00 32 00 90 00 A1 30 10 4E 00 00 00 00 00 00 81 A8 73 0A 00 00 00 00 00 00 00 00 00 00 00 00 00 00 00 00 00 00 00 00 00 00 00 00 00 00 00 00 00 00 00 00 00 00 00 00
I 000000 02 81 20 36 00 32 00 90 00 A1 30 13 4E 00 00 00 00 00 00 82 98 73 0A 00 00 00 00 00 00 00 00 00 00 00 00 00 00 00 00 00 00 00 00 00 00 00 00 00 00 00 00 00 00 00 00 00 00 00 00
I 000000 02 81 20 36 00 32 00 90 00 A1 30 16 4E 00 00 00 00 00 00 82 98 73 0A 00 00 00 00 00 00 00 00 00 00 00 00 00 00 00 00 00 00 00 00 00 00 00 00 00 00 00 00 00 00 00 00 00 00 00 00
I 000000 02 81 20 36 00 32 00 90 00 A1 30 19 4E 00 00 00 00 00 00 81 98 73 0A 00 00 00 00 00 00 00 00 00 00 00 00 00 00 00 00 00 00 00 00 00 00 00 00 00 00 00 00 00 00 00 00 00 00 00 00
I 000000 02 81 20 36 00 32 00 90 00 A1 30 1C 4E 00 00 00 00 00 00 81 A8 73 0A 00 00 00 00 00 00 00 00 00 00 00 00 00 00 00 00 00 00 00 00 00 00 00 00 00 00 00 00 00 00 00 00 00 00 00 00
I 000000 02 81 20 36 00 32 00 90 00 A1 30 1F 4E 00 00 00 00 00 00 81 A8 73 0A 00 00 00 00 00 00 00 00 00 00 00 00 00 00 00 00 00 00 00 00 00 00 00 00 00 00 00 00 00 00 00 00 00 00 00 00
I 000000 02 81 20 36 00 32 00 90 00 A1 30 22 4E 00 00 00 00 00 00 81 98 73 0A 00 00 00 00 00 00 00 00 00 00 00 00 00 00 00 00 00 00 00 00 00 00 00 00 00 00 00 00 00 00 00 00 00 00 00 00
I 000000 02 81 20 36 00 32 00 90 00 A1 30 25 4E 00 00 00 00 00 00 7A 08 71 0A 00 00 00 00 00 00 00 00 00 00 00 00 00 00 00 00 00 00 00 00 00 00 00 00 00 00 00 00 00 00 00 00 00 00 00 00
I 000000 02 81 20 36 00 32 00 90 00 A1 30 28 4E 00 00 00 00 00 00 FC F8 78 0A 00 00 00 00 00 00 00 00 00 00 00 00 00 00 00 00 00 00 00 00 00 00 00 00 00 00 00 00 00 00 00 00 00 00 00 00
I 000000 02 81 20 36 00 32 00 90 00 A1 30 2B 4E 00 00 00 00 00 00 8C A9 8A 0A 00 00 00 00 00 00 00 00 00 00 00 00 00 00 00 00 00 00 00 00 00 00 00 00 00 00 00 00 00 00 00 00 00 00 00 00
I 000000 02 81 20 36 00 32 00 90 00 A1 30 2E 4E 00 00 00 00 00 00 69 2A A1 0A 00 00 00 00 00 00 00 00 00 00 00 00 00 00 00 00 00 00 00 00 00 00 00 00 00 00 00 00 00 00 00 00 00 00 00 00
I 000000 02 81 20 36 00 32 00 90 00 A1 30 31 4E 00 00 00 00 00 00 6F BA AF 0A 00 00 00 00 00 00 00 00 00 00 00 00 00 00 00 00 00 00 00 00 00 00 00 00 00 00 00 00 00 00 00 00 00 00 00 00
I 000000 02 81 20 36 00 32 00 90 00 A1 30 34 4E 00 00 00 00 00 00 8F 79 B5 0A 00 00 00 00 00 00 00 00 00 00 00 00 00 00 00 00 00 00 00 00 00 00 00 00 00 00 00 00 00 00 00 00 00 00 00 00
I 000000 02 81 20 36 00 32 00 90 00 A1 30 37 4E 00 00 00 00 00 00 11 29 B6 0A 00 00 00 00 00 00 00 00 00 00 00 00 00 00 00 00 00 00 00 00 00 00 00 00 00 00 00 00 00 00 00 00 00 00 00 00
I 000000 02 81 20 36 00 32 00 90 00 A1 30 3A 4E 00 00 00 00 00 00 BC 08 B7 0A 00 00 00 00 00 00 00 00 00 00 00 00 00 00 00 00 00 00 00 00 00 00 00 00 00 00 00 00 00 00 00 00 00 00 00 00
I 000000 02 81 20 36 00 32 00 90 00 A1 30 3D 4E 00 00 00 00 00 00 26 08 B7 0A 00 00 00 00 00 00 00 00 00 00 00 00 00 00 00 00 00 00 00 00 00 00 00 00 00 00 00 00 00 00 00 00 00 00 00 00
I 000000 02 81 20 36 00 32 00 90 00 A1 30 40 4E 00 00 00 00 00 00 E4 27 B7 0A 00 00 00 00 00 00 00 00 00 00 00 00 00 00 00 00 00 00 00 00 00 00 00 00 00 00 00 00 00 00 00 00 00 00 00 00
I 000000 02 81 20 36 00 32 00 90 00 A1 30 43 4E 00 00 00 00 00 00 2E 57 B5 0A 00 00 00 00 00 00 00 00 00 00 00 00 00 00 00 00 00 00 00 00 00 00 00 00 00 00 00 00 00 00 00 00 00 00 00 00
I 000000 02 81 20 36 00 32 00 90 00 A1 30 46 4E 00 00 00 00 00 00 B1 25 A8 0A 00 00 00 00 00 00 00 00 00 00 00 00 00 00 00 00 00 00 00 00 00 00 00 00 00 00 00 00 00 00 00 00 00 00 00 00
I 000000 02 81 20 36 00 32 00 90 00 A1 30 49 4E 00 00 00 00 00 00 7C 84 8E 0A 00 00 00 00 00 00 00 00 00 00 00 00 00 00 00 00 00 00 00 00 00 00 00 00 00 00 00 00 00 00 00 00 00 00 00 00
I 000000 02 81 20 36 00 32 00 90 00 A1 30 4C 4E 00 00 00 00 00 00 07 64 72 0A 00 00 00 00 00 00 00 00 00 00 00 00 00 00 00 00 00 00 00 00 00 00 00 00 00 00 00 00 00 00 00 00 00 00 00 00
I 000000 02 81 20 36 00 32 00 90 00 A1 30 4F 4E 00 00 00 00 00 00 36 B4 5F 0A 00 00 00 00 00 00 00 00 00 00 00 00 00 00 00 00 00 00 00 00 00 00 00 00 00 00 00 00 00 00 00 00 00 00 00 00
I 000000 02 81 20 36 00 32 00 90 00 A1 30 52 4E 00 00 00 00 00 00 E1 34 49 0A 00 00 00 00 00 00 00 00 00 00 00 00 00 00 00 00 00 00 00 00 00 00 00 00 00 00 00 00 00 00 00 00 00 00 00 00
I 000000 02 81 20 36 00 32 00 90 00 A1 30 55 4E 00 00 00 00 00 00 F6 45 38 0A 00 00 00 00 00 00 00 00 00 00 00 00 00 00 00 00 00 00 00 00 00 00 00 00 00 00 00 00 00 00 00 00 00 00 00 00
I 000000 02 81 20 36 00 32 00 90 00 A1 30 58 4E 00 00 00 00 00 00 F6 D6 30 0A 00 00 00 00 00 00 00 00 00 00 00 00 00 00 00 00 00 00 00 00 00 00 00 00 00 00 00 00 00 00 00 00 00 00 00 00
I 000000 02 81 20 36 00 32 00 90 00 A1 30 5B 4E 00 00 00 00 00 00 0A 78 2B 0A 00 00 00 00 00 00 00 00 00 00 00 00 00 00 00 00 00 00 00 00 00 00 00 00 00 00 00 00 00 00 00 00 00 00 00 00
I 000000 02 81 20 36 00 32 00 90 00 A1 30 5E 4E 00 00 00 00 00 00 95 A8 2B 0A 00 00 00 00 00 00 00 00 00 00 00 00 00 00 00 00 00 00 00 00 00 00 00 00 00 00 00 00 00 00 00 00 00 00 00 00
I 000000 02 81 20 36 00 32 00 90 00 A1 30 61 4E 00 00 00 00 00 00 C5 99 31 0A 00 00 00 00 00 00 00 00 00 00 00 00 00 00 00 00 00 00 00 00 00 00 00 00 00 00 00 00 00 00 00 00 00 00 00 00
I 000000 02 81 20 36 00 32 00 90 00 A1 30 64 4E 00 00 00 00 00 00 FD 7A 3E 0A 00 00 00 00 00 00 00 00 00 00 00 00 00 00 00 00 00 00 00 00 00 00 00 00 00 00 00 00 00 00 00 00 00 00 00 00
I 000000 02 81 20 36 00 32 00 90 00 A1 30 67 4E 00 00 00 00 00 00 31 0C 55 0A 00 00 00 00 00 00 00 00 00 00 00 00 00 00 00 00 00 00 00 00 00 00 00 00 00 00 00 00 00 00 00 00 00 00 00 00
I 000000 02 81 20 36 00 32 00 90 00 A1 30 6A 4E 00 00 00 00 00 00 7F FC 60 0A 00 00 00 00 00 00 00 00 00 00 00 00 00 00 00 00 00 00 00 00 00 00 00 00 00 00 00 00 00 00 00 00 00 00 00 00
I 000000 02 81 20 36 00 32 00 90 00 A1 30 6D 4E 00 00 00 00 00 00 B1 EC 67 0A 00 00 00 00 00 00 00 00 00 00 00 00 00 00 00 00 00 00 00 00 00 00 00 00 00 00 00 00 00 00 00 00 00 00 00 00
I 000000 02 81 20 36 00 32 00 90 00 A1 30 70 4E 00 00 00 00 00 00 B9 5C 78 0A 00 00 00 00 00 00 00 00 00 00 00 00 00 00 00 00 00 00 00 00 00 00 00 00 00 00 00 00 00 00 00 00 00 00 00 00
I 000000 02 81 20 36 00 32 00 90 00 A1 30 73 4E 00 00 00 00 00 00 75 AC 8A 0A 00 00 00 00 00 00 00 00 00 00 00 00 00 00 00 00 00 00 00 00 00 00 00 00 00 00 00 00 00 00 00 00 00 00 00 00
I 000000 02 81 20 36 00 32 00 90 00 A1 30 76 4E 00 00 00 00 00 00 A2 6B A3 0A 00 00 00 00 00 00 00 00 00 00 00 00 00 00 00 00 00 00 00 00 00 00 00 00 00 00 00 00 00 00 00 00 00 00 00 00
I 000000 02 81 20 36 00 32 00 90 00 A1 30 79 4E 00 00 00 00 00 00 D4 FA AE 0A 00 00 00 00 00 00 00 00 00 00 00 00 00 00 00 00 00 00 00 00 00 00 00 00 00 00 00 00 00 00 00 00 00 00 00 00
I 000000 02 81 20 36 00 32 00 90 00 A1 30 7C 4E 00 00 00 00 00 00 93 A9 B5 0A 00 00 00 00 00 00 00 00 00 00 00 00 00 00 00 00 00 00 00 00 00 00 00 00 00 00 00 00 00 00 00 00 00 00 00 00
I 000000 02 81 20 36 00 32 00 90 00 A1 30 7F 4E 00 00 00 00 00 00 83 28 B7 0A 00 00 00 00 00 00 00 00 00 00 00 00 00 00 00 00 00 00 00 00 00 00 00 00 00 00 00 00 00 00 00 00 00 00 00 00
I 000000 02 81 20 36 00 32 00 90 00 A1 30 82 4E 00 00 00 00 00 00 06 38 B7 0A 00 00 00 00 00 00 00 00 00 00 00 00 00 00 00 00 00 00 00 00 00 00 00 00 00 00 00 00 00 00 00 00 00 00 00 00
I 000000 02 81 20 36 00 32 00 90 00 A1 30 85 4E 00 00 00 00 00 00 2B 57 B5 0A 00 00 00 00 00 00 00 00 00 00 00 00 00 00 00 00 00 00 00 00 00 00 00 00 00 00 00 00 00 00 00 00 00 00 00 00
I 000000 02 81 20 36 00 32 00 90 00 A1 30 88 4E 00 00 00 00 00 00 D9 E5 A9 0A 00 00 00 00 00 00 00 00 00 00 00 00 00 00 00 00 00 00 00 00 00 00 00 00 00 00 00 00 00 00 00 00 00 00 00 00
I 000000 02 81 20 36 00 32 00 90 00 A1 30 8B 4E 00 00 00 00 00 00 0D 85 99 0A 00 00 00 00 00 00 00 00 00 00 00 00 00 00 00 00 00 00 00 00 00 00 00 00 00 00 00 00 00 00 00 00 00 00 00 00
I 000000 02 81 20 36 00 32 00 90 00 A1 30 8E 4E 00 00 00 00 00 00 C5 84 7C 0A 00 00 00 00 00 00 00 00 00 00 00 00 00 00 00 00 00 00 00 00 00 00 00 00 00 00 00 00 00 00 00 00 00 00 00 00
I 000000 02 81 20 36 00 32 00 90 00 A1 30 91 4E 00 00 00 00 00 00 EE D4 68 0A 00 00 00 00 00 00 00 00 00 00 00 00 00 00 00 00 00 00 00 00 00 00 00 00 00 00 00 00 00 00 00 00 00 00 00 00
I 000000 02 81 20 36 00 32 00 90 00 A1 30 94 4E 00 00 00 00 00 00 5B C5 4B 0A 00 00 00 00 00 00 00 00 00 00 00 00 00 00 00 00 00 00 00 00 00 00 00 00 00 00 00 00 00 00 00 00 00 00 00 00
I 000000 02 81 20 36 00 32 00 90 00 A1 30 97 4E 00 00 00 00 00 00 37 66 36 0A 00 00 00 00 00 00 00 00 00 00 00 00 00 00 00 00 00 00 00 00 00 00 00 00 00 00 00 00 00 00 00 00 00 00 00 00
I 000000 02 81 20 36 00 32 00 90 00 A1 30 9A 4E 00 00 00 00 00 00 39 C7 2C 0A 00 00 00 00 00 00 00 00 00 00 00 00 00 00 00 00 00 00 00 00 00 00 00 00 00 00 00 00 00 00 00 00 00 00 00 00
I 000000 02 81 20 36 00 32 00 90 00 A1 30 9D 4E 00 00 00 00 00 00 0B 88 2B 0A 00 00 00 00 00 00 00 00 00 00 00 00 00 00 00 00 00 00 00 00 00 00 00 00 00 00 00 00 00 00 00 00 00 00 00 00
I 000000 02 81 20 36 00 32 00 90 00 A1 30 A0 4E 00 00 00 00 00 00 DA 88 2B 0A 00 00 00 00 00 00 00 00 00 00 00 00 00 00 00 00 00 00 00 00 00 00 00 00 00 00 00 00 00 00 00 00 00 00 00 00
I 000000 02 81 20 36 00 32 00 90 00 A1 30 A3 4E 00 00 00 00 00 00 9F FA 37 0A 00 00 00 00 00 00 00 00 00 00 00 00 00 00 00 00 00 00 00 00 00 00 00 00 00 00 00 00 00 00 00 00 00 00 00 00
I 000000 02 81 20 36 00 32 00 90 00 A1 30 A6 4E 00 00 00 00 00 00 F1 DB 4D 0A 00 00 00 00 00 00 00 00 00 00 00 00 00 00 00 00 00 00 00 00 00 00 00 00 00 00 00 00 00 00 00 00 00 00 00 00
I 000000 02 81 20 36 00 32 00 90 00 A1 30 A9 4E 00 00 00 00 00 00 9C 7C 66 0A 00 00 00 00 00 00 00 00 00 00 00 00 00 00 00 00 00 00 00 00 00 00 00 00 00 00 00 00 00 00 00 00 00 00 00 00
I 000000 02 81 20 36 00 32 00 90 00 A1 30 AC 4E 00 00 00 00 00 00 C8 CC 71 0A 00 00 00 00 00 00 00 00 00 00 00 00 00 00 00 00 00 00 00 00 00 00 00 00 00 00 00 00 00 00 00 00 00 00 00 00
I 000000 02 81 20 36 00 32 00 90 00 A1 30 AF 4E 00 00 00 00 00 00 B3 5C 85 0A 00 00 00 00 00 00 00 00 00 00 00 00 00 00 00 00 00 00 00 00 00 00 00 00 00 00 00 00 00 00 00 00 00 00 00 00
I 000000 02 81 20 36 00 32 00 90 00 A1 30 B2 4E 00 00 00 00 00 00 0F EC 9B 0A 00 00 00 00 00 00 00 00 00 00 00 00 00 00 00 00 00 00 00 00 00 00 00 00 00 00 00 00 00 00 00 00 00 00 00 00
I 000000 02 81 20 36 00 32 00 90 00 A1 30 B5 4E 00 00 00 00 00 00 49 AB A7 0A 00 00 00 00 00 00 00 00 00 00 00 00 00 00 00 00 00 00 00 00 00 00 00 00 00 00 00 00 00 00 00 00 00 00 00 00
I 000000 02 81 20 36 00 32 00 90 00 A1 30 B8 4E 00 00 00 00 00 00 68 AA AF 0A 00 00 00 00 00 00 00 00 00 00 00 00 00 00 00 00 00 00 00 00 00 00 00 00 00 00 00 00 00 00 00 00 00 00 00 00
I 000000 02 81 20 36 00 32 00 90 00 A1 30 BB 4E 00 00 00 00 00 00 12 B9 B5 0A 00 00 00 00 00 00 00 00 00 00 00 00 00 00 00 00 00 00 00 00 00 00 00 00 00 00 00 00 00 00 00 00 00 00 00 00
I 000000 02 81 20 36 00 32 00 90 00 A1 30 BE 4E 00 00 00 00 00 00 36 18 B6 0A 00 00 00 00 00 00 00 00 00 00 00 00 00 00 00 00 00 00 00 00 00 00 00 00 00 00 00 00 00 00 00 00 00 00 00 00
I 000000 02 81 20 36 00 32 00 90 00 A1 30 C1 4E 00 00 00 00 00 00 06 D8 A7 0A 00 00 00 00 00 00 00 00 00 00 00 00 00 00 00 00 00 00 00 00 00 00 00 00 00 00 00 00 00 00 00 00 00 00 00 00
I 000000 02 81 20 36 00 32 00 90 00 A1 30 C4 4E 00 00 00 00 00 00 5E 48 71 0A 00 00 00 00 00 00 00 00 00 00 00 00 00 00 00 00 00 00 00 00 00 00 00 00 00 00 00 00 00 00 00 00 00 00 00 00
I 000000 02 81 20 36 00 32 00 90 00 A1 30 C7 4E 00 00 00 00 00 00 75 88 70 0A 00 00 00 00 00 00 00 00 00 00 00 00 00 00 00 00 00 00 00 00 00 00 00 00 00 00 00 00 00 00 00 00 00 00 00 00
I 000000 02 81 20 36 00 32 00 90 00 A1 30 CA 4E 00 00 00 00 00 00 74 88 70 0A 00 00 00 00 00 00 00 00 00 00 00 00 00 00 00 00 00 00 00 00 00 00 00 00 00 00 00 00 00 00 00 00 00 00 00 00
I 000000 02 81 20 36 00 32 00 90 00 A1 30 CD 4E 00 00 00 00 00 00 77 98 70 0A 00 00 00 00 00 00 00 00 00 00 00 00 00 00 00 00 00 00 00 00 00 00 00 00 00 00 00 00 00 00 00 00 00 00 00 00
I 000000 02 81 20 36 00 32 00 90 00 A1 30 D0 4E 00 00 00 00 00 00 78 98 70 0A 00 00 00 00 00 00 00 00 00 00 00 00 00 00 00 00 00 00 00 00 00 00 00 00 00 00 00 00 00 00 00 00 00 00 00 00
I 000000 02 81 20 36 00 32 00 90 00 A1 30 D3 4E 00 00 00 00 00 00 77 A8 70 0A 00 00 00 00 00 00 00 00 00 00 00 00 00 00 00 00 00 00 00 00 00 00 00 00 00 00 00 00 00 00 00 00 00 00 00 00
I 000000 02 81 20 36 00 32 00 90 00 A1 30 D6 4E 00 00 00 00 00 00 76 A8 70 0A 00 00 00 00 00 00 00 00 00 00 00 00 00 00 00 00 00 00 00 00 00 00 00 00 00 00 00 00 00 00 00 00 00 00 00 00
I 000000 02 81 20 36 00 32 00 90 00 A1 30 D9 4E 00 00 00 00 00 00 78 98 70 0A 00 00 00 00 00 00 00 00 00 00 00 00 00 00 00 00 00 00 00 00 00 00 00 00 00 00 00 00 00 00 00 00 00 00 00 00
I 000000 02 81 20 36 00 32 00 90 00 A1 30 DC 4E 00 00 00 00 00 00 78 A8 70 0A 00 00 00 00 00 00 00 00 00 00 00 00 00 00 00 00 00 00 00 00 00 00 00 00 00 00 00 00 00 00 00 00 00 00 00 00
I 000000 02 81 20 36 00 32 00 90 00 A1 30 DF 4E 00 00 00 00 00 00 77 98 70 0A 00 00 00 00 00 00 00 00 00 00 00 00 00 00 00 00 00 00 00 00 00 00 00 00 00 00 00 00 00 00 00 00 00 00 00 00
I 000000 02 81 20 36 00 32 00 90 00 A1 30 E2 4E 00 00 00 00 00 00 78 98 70 0A 00 00 00 00 00 00 00 00 00 00 00 00 00 00 00 00 00 00 00 00 00 00 00 00 00 00 00 00 00 00 00 00 00 00 00 00
I 000000 02 81 20 36 00 32 00 90 00 A1 30 E5 4E 00 00 00 00 00 00 77 98 70 0A 00 00 00 00 00 00 00 00 00 00 00 00 00 00 00 00 00 00 00 00 00 00 00 00 00 00 00 00 00 00 00 00 00 00 00 00
I 000000 02 81 20 36 00 32 00 90 00 A1 30 E8 4E 00 00 00 00 00 00 77 98 70 0A 00 00 00 00 00 00 00 00 00 00 00 00 00 00 00 00 00 00 00 00 00 00 00 00 00 00 00 00 00 00 00 00 00 00 00 00
I 000000 02 81 20 36 00 32 00 90 00 A1 30 EB 4E 00 00 00 00 00 00 78 A8 70 0A 00 00 00 00 00 00 00 00 00 00 00 00 00 00 00 00 00 00 00 00 00 00 00 00 00 00 00 00 00 00 00 00 00 00 00 00
I 000000 02 81 20 36 00 32 00 90 00 A1 30 EE 4E 00 00 00 00 00 00 77 98 70 0A 00 00 00 00 00 00 00 00 00 00 00 00 00 00 00 00 00 00 00 00 00 00 00 00 00 00 00 00 00 00 00 00 00 00 00 00
I 000000 02 81 20 36 00 32 00 90 00 A1 30 F1 4E 00 00 00 00 00 00 77 A8 70 0A 00 00 00 00 00 00 00 00 00 00 00 00 00 00 00 00 00 00 00 00 00 00 00 00 00 00 00 00 00 00 00 00 00 00 00 00
I 000000 02 81 20 36 00 32 00 90 00 A1 30 F4 4E 00 00 00 00 00 00 77 A8 70 0A 00 00 00 00 00 00 00 00 00 00 00 00 00 00 00 00 00 00 00 00 00 00 00 00 00 00 00 00 00 00 00 00 00 00 00 00
I 000000 02 81 20 36 00 32 00 90 00 A1 30 F7 4E 00 00 00 00 00 00 77 98 70 0A 00 00 00 00 00 00 00 00 00 00 00 00 00 00 00 00 00 00 00 00 00 00 00 00 00 00 00 00 00 00 00 00 00 00 00 00
I 000000 02 81 20 36 00 32 00 90 00 A1 30 FA 4E 00 00 00 00 00 00 77 88 70 0A 00 00 00 00 00 00 00 00 00 00 00 00 00 00 00 00 00 00 00 00 00 00 00 00 00 00 00 00 00 00 00 00 00 00 00 00
I 000000 02 81 20 36 00 32 00 90 00 A1 30 FD 4E 00 00 00 00 00 00 77 98 70 0A 00 00 00 00 00 00 00 00 00 00 00 00 00 00 00 00 00 00 00 00 00 00 00 00 00 00 00 00 00 00 00 00 00 00 00 00
I 000000 02 81 20 36 00 32 00 90 00 A1 30 00 4E 00 00 00 00 00 00 76 98 70 0A 00 00 00 00 00 00 00 00 00 00 00 00 00 00 00 00 00 00 00 00 00 00 00 00 00 00 00 00 00 00 00 00 00 00 00 00
I 000000 02 81 20 36 00 32 00 90 00 A1 30 03 4E 00 00 00 00 00 00 77 98 70 0A 00 00 00 00 00 00 00 00 00 00 00 00 00 00 00 00 00 00 00 00 00 00 00 00 00 00 00 00 00 00 00 00 00 00 00 00
I 000000 02 81 20 36 00 32 00 90 00 A1 30 06 4E 00 00 00 00 00 00 77 98 70 0A 00 00 00 00 00 00 00 00 00 00 00 00 00 00 00 00 00 00 00 00 00 00 00 00 00 00 00 00 00 00 00 00 00 00 00 00
I 000000 02 81 20 36 00 32 00 90 00 A1 30 09 4E 00 00 00 00 00 00 77 A8 70 0A 00 00 00 00 00 00 00 00 00 00 00 00 00 00 00 00 00 00 00 00 00 00 00 00 00 00 00 00 00 00 00 00 00 00 00 00
I 000000 02 81 20 36 00 32 00 90 00 A1 30 0C 4E 00 00 00 00 00 00 78 98 70 0A 00 00 00 00 00 00 00 00 00 00 00 00 00 00 00 00 00 00 00 00 00 00 00 00 00 00 00 00 00 00 00 00 00 00 00 00
I 000000 02 81 20 36 00 32 00 90 00 A1 30 0F 4E 00 00 00 00 00 00 77 A8 70 0A 00 00 00 00 00 00 00 00 00 00 00 00 00 00 00 00 00 00 00 00 00 00 00 00 00 00 00 00 00 00 00 00 00 00 00 00
I 000000 02 81 20 36 00 32 00 90 00 A1 30 12 4E 00 00 00 00 00 00 78 98 70 0A 00 00 00 00 00 00 00 00 00 00 00 00 00 00 00 00 00 00 00 00 00 00 00 00 00 00 00 00 00 00 00 00 00 00 00 00
I 000000 02 81 20 36 00 32 00 90 00 A1 30 15 4E 00 00 00 00 00 00 77 98 70 0A 00 00 00 00 00 00 00 00 00 00 00 00 00 00 00 00 00 00 00 00 00 00 00 00 00 00 00 00 00 00 00 00 00 00 00 00
I 000000 02 81 20 36 00 32 00 90 00 A1 30 18 4E 00 00 00 00 00 00 76 98 70 0A 00 00 00 00 00 00 00 00 00 00 00 00 00 00 00 00 00 00 00 00 00 00 00 00 00 00 00 00 00 00 00 00 00 00 00 00
I 000000 02 81 20 36 00 32 00 90 00 A1 30 1B 4E 00 00 00 00 00 00 77 98 70 0A 00 00 00 00 00 00 00 00 00 00 00 00 00 00 00 00 00 00 00 00 00 00 00 00 00 00 00 00 00 00 00 00 00 00 00 00
I 000000 02 81 20 36 00 32 00 90 00 A1 30 1E 4E 00 00 00 00 00 00 78 A8 70 0A 00 00 00 00 00 00 00 00 00 00 00 00 00 00 00 00 00 00 00 00 00 00 00 00 00 00 00 00 00 00 00 00 00 00 00 00
I 000000 02 81 20 36 00 32 00 90 00 A1 30 21 4E 00 00 00 00 00 00 78 98 70 0A 00 00 00 00 00 00 00 00 00 00 00 00 00 00 00 00 00 00 00 00 00 00 00 00 00 00 00 00 00 00 00 00 00 00 00 00
I 000000 02 81 20 36 00 32 00 90 00 A1 30 24 4E 00 00 00 00 00 00 77 98 70 0A 00 00 00 00 00 00 00 00 00 00 00 00 00 00 00 00 00 00 00 00 00 00 00 00 00 00 00 00 00 00 00 00 00 00 00 00
I 000000 02 81 20 36 00 32 00 90 00 A1 30 27 4E 00 00 00 00 00 00 78 98 70 0A 00 00 00 00 00 00 00 00 00 00 00 00 00 00 00 00 00 00 00 00 00 00 00 00 00 00 00 00 00 00 00 00 00 00 00 00
I 000000 02 81 20 36 00 32 00 90 00 A1 30 2A 4E 00 00 00 00 00 00 78 98 70 0A 00 00 00 00 00 00 00 00 00 00 00 00 00 00 00 00 00 00 00 00 00 00 00 00 00 00 00 00 00 00 00 00 00 00 00 00
I 000000 02 81 20 36 00 32 00 90 00 A1 30 2D 4E 00 00 00 00 00 00 77 98 70 0A 00 00 00 00 00 00 00 00 00 00 00 00 00 00 00 00 00 00 00 00 00 00 00 00 00 00 00 00 00 00 00 00 00 00 00 00
I 000000 02 81 20 36 00 32 00 90 00 A1 30 30 4E 00 00 00 00 00 00 78 A8 70 0A 00 00 00 00 00 00 00 00 00 00 00 00 00 00 00 00 00 00 00 00 00 00 00 00 00 00 00 00 00 00 00 00 00 00 00 00
I 000000 02 81 20 36 00 32 00 90 00 A1 30 33 4E 00 00 00 00 00 00 78 A8 70 0A 00 00 00 00 00 00 00 00 00 00 00 00 00 00 00 00 00 00 00 00 00 00 00 00 00 00 00 00 00 00 00 00 00 00 00 00
I 000000 02 81 20 36 00 32 00 90 00 A1 30 36 4E 00 00 00 00 00 00 78 A8 70 0A 00 00 00 00 00 00 00 00 00 00 00 00 00 00 00 00 00 00 00 00 00 00 00 00 00 00 00 00 00 00 00 00 00 00 00 00
I 000000 02 81 20 36 00 32 00 90 00 A1 30 39 4E 00 00 00 00 00 00 78 A8 70 0A 00 00 00 00 00 00 00 00 00 00 00 00 00 00 00 00 00 00 00 00 00 00 00 00 00 00 00 00 00 00 00 00 00 00 00 00
I 000000 02 81 20 36 00 32 00 90 00 A1 30 3C 4E 00 00 00 00 00 00 78 98 70 0A 00 00 00 00 00 00 00 00 00 00 00 00 00 00 00 00 00 00 00 00 00 00 00 00 00 00 00 00 00 00 00 00 00 00 00 00
I 000000 02 81 20 36 00 32 00 90 00 A1 30 3F 4E 00 00 00 00 00 00 77 A8 70 0A 00 00 00 00 00 00 00 00 00 00 00 00 00 00 00 00 00 00 00 00 00 00 00 00 00 00 00 00 00 00 00 00 00 00 00 00
I 000000 02 81 20 36 00 32 00 90 00 A1 30 42 4E 00 00 00 00 00 00 76 98 70 0A 00 00 00 00 00 00 00 00 00 00 00 00 00 00 00 00 00 00 00 00 00 00 00 00 00 00 00 00 00 00 00 00 00 00 00 00
I 000000 02 81 20 36 00 32 00 90 00 A1 30 45 4E 00 00 00 00 00 00 78 98 70 0A 00 00 00 00 00 00 00 00 00 00 00 00 00 00 00 00 00 00 00 00 00 00 00 00 00 00 00 00 00 00 00 00 00 00 00 00
I 000000 02 81 20 36 00 32 00 90 00 A1 30 48 4E 00 00 00 00 00 00 77 A8 70 0A 00 00 00 00 00 00 00 00 00 00 00 00 00 00 00 00 00 00 00 00 00 00 00 00 00 00 00 00 00 00 00 00 00 00 00 00
I 000000 02 81 20 36 00 32 00 90 00 A1 30 4B 4E 00 00 00 00 00 00 78 A8 70 0A 00 00 00 00 00 00 00 00 00 00 00 00 00 00 00 00 00 00 00 00 00 00 00 00 00 00 00 00 00 00 00 00 00 00 00 00
I 000000 02 81 20 36 00 32 00 90 00 A1 30 4E 4E 00 00 00 00 00 00 78 A8 70 0A 00 00 00 00 00 00 00 00 00 00 00 00 00 00 00 00 00 00 00 00 00 00 00 00 00 00 00 00 00 00 00 00 00 00 00 00
I 000000 02 81 20 36 00 32 00 90 00 A1 30 51 4E 00 00 00 00 00 00 77 A8 70 0A 00 00 00 00 00 00 00 00 00 00 00 00 00 00 00 00 00 00 00 00 00 00 00 00 00 00 00 00 00 00 00 00 00 00 00 00
I 000000 02 81 20 36 00 32 00 90 00 A1 30 54 4E 00 00 00 00 00 00 78 98 70 0A 00 00 00 00 00 00 00 00 00 00 00 00 00 00 00 00 00 00 00 00 00 00 00 00 00 00 00 00 00 00 00 00 00 00 00 00
I 000000 02 81 20 36 00 32 00 90 00 A1 30 57 4E 00 00 00 00 00 00 78 A8 70 0A 00 00 00 00 00 00 00 00 00 00 00 00 00 00 00 00 00 00 00 00 00 00 00 00 00 00 00 00 00 00 00 00 00 00 00 00
I 000000 02 81 20 36 00 32 00 90 00 A1 30 5A 4E 00 00 00 00 00 00 78 98 70 0A 00 00 00 00 00 00 00 00 00 00 00 00 00 00 00 00 00 00 00 00 00 00 00 00 00 00 00 00 00 00 00 00 00 00 00 00
I 000000 02 81 20 36 00 32 00 90 00 A1 30 5D 4E 00 00 00 00 00 00 78 98 70 0A 00 00 00 00 00 00 00 00 00 00 00 00 00 00 00 00 00 00 00 00 00 00 00 00 00 00 00 00 00 00 00 00 00 00 00 00
I 000000 02 81 20 36 00 32 00 90 00 A1 30 60 4E 00 00 00 00 00 00 77 A8 70 0A 00 00 00 00 00 00 00 00 00 00 00 00 00 00 00 00 00 00 00 00 00 00 00 00 00 00 00 00 00 00 00 00 00 00 00 00
I 000000 02 81 20 36 00 32 00 90 00 A1 30 63 4E 00 00 00 00 00 00 77 A8 70 0A 00 00 00 00 00 00 00 00 00 00 00 00 00 00 00 00 00 00 00 00 00 00 00 00 00 00 00 00 00 00 00 00 00 00 00 00
I 000000 02 81 20 36 00 32 00 90 00 A1 30 66 4E 00 00 00 00 00 00 78 A8 70 0A 00 00 00 00 00 00 00 00 00 00 00 00 00 00 00 00 00 00 00 00 00 00 00 00 00 00 00 00 00 00 00 00 00 00 00 00
I 000000 02 81 20 36 00 32 00 90 00 A1 30 69 4E 00 00 00 00 00 00 77 98 70 0A 00 00 00 00 00 00 00 00 00 00 00 00 00 00 00 00 00 00 00 00 00 00 00 00 00 00 00 00 00 00 00 00 00 00 00 00
I 000000 02 81 20 36 00 32 00 90 00 A1 30 6C 4E 00 00 00 00 00 00 78 A8 70 0A 00 00 00 00 00 00 00 00 00 00 00 00 00 00 00 00 00 00 00 00 00 00 00 00 00 00 00 00 00 00 00 00 00 00 00 00
I 000000 02 81 20 36 00 32 00 90 00 A1 30 6F 4E 00 00 00 00 00 00 78 98 70 0A 00 00 00 00 00 00 00 00 00 00 00 00 00 00 00 00 00 00 00 00 00 00 00 00 00 00 00 00 00 00 00 00 00 00 00 00
I 000000 02 81 20 36 00 32 00 90 00 A1 30 72 4E 00 00 00 00 00 00 78 A8 70 0A 00 00 00 00 00 00 00 00 00 00 00 00 00 00 00 00 00 00 00 00 00 00 00 00 00 00 00 00 00 00 00 00 00 00 00 00
I 000000 02 81 20 36 00 32 00 90 00 A1 30 75 4E 00 00 00 00 00 00 78 98 70 0A 00 00 00 00 00 00 00 00 00 00 00 00 00 00 00 00 00 00 00 00 00 00 00 00 00 00 00 00 00 00 00 00 00 00 00 00
I 000000 02 81 20 36 00 32 00 90 00 A1 30 78 4E 00 00 00 00 00 00 77 A8 70 0A 00 00 00 00 00 00 00 00 00 00 00 00 00 00 00 00 00 00 00 00 00 00 00 00 00 00 00 00 00 00 00 00 00 00 00 00
I 000000 02 81 20 36 00 32 00 90 00 A1 30 7B 4E 00 00 00 00 00 00 78 A8 70 0A 00 00 00 00 00 00 00 00 00 00 00 00 00 00 00 00 00 00 00 00 00 00 00 00 00 00 00 00 00 00 00 00 00 00 00 00
I 000000 02 81 20 36 00 32 00 90 00 A1 30 7E 4E 00 00 00 00 00 00 78 98 70 0A 00 00 00 00 00 00 00 00 00 00 00 00 00 00 00 00 00 00 00 00 00 00 00 00 00 00 00 00 00 00 00 00 00 00 00 00
I 000000 02 81 20 36 00 32 00 90 00 A1 30 81 4E 00 00 00 00 00 00 78 A8 70 0A 00 00 00 00 00 00 00 00 00 00 00 00 00 00 00 00 00 00 00 00 00 00 00 00 00 00 00 00 00 00 00 00 00 00 00 00
I 000000 02 81 20 36 00 32 00 90 00 A1 30 84 4E 00 00 00 00 00 00 77 A8 70 0A 00 00 00 00 00 00 00 00 00 00 00 00 00 00 00 00 00 00 00 00 00 00 00 00 00 00 00 00 00 00 00 00 00 00 00 00
I 000000 02 81 20 36 00 32 00 90 00 A1 30 87 4E 00 00 00 00 00 00 77 98 70 0A 00 00 00 00 00 00 00 00 00 00 00 00 00 00 00 00 00 00 00 00 00 00 00 00 00 00 00 00 00 00 00 00 00 00 00 00
I 000000 02 81 20 36 00 32 00 90 00 A1 30 8A 4E 00 00 00 00 00 00 77 A8 70 0A 00 00 00 00 00 00 00 00 00 00 00 00 00 00 00 00 00 00 00 00 00 00 00 00 00 00 00 00 00 00 00 00 00 00 00 00
I 000000 02 81 20 36 00 32 00 90 00 A1 30 8D 4E 00 00 00 00 00 00 76 98 70 0A 00 00 00 00 00 00 00 00 00 00 00 00 00 00 00 00 00 00 00 00 00 00 00 00 00 00 00 00 00 00 00 00 00 00 00 00
I 000000 02 81 20 36 00 32 00 90 00 A1 30 90 4E 00 00 00 00 00 00 78 A8 70 0A 00 00 00 00 00 00 00 00 00 00 00 00 00 00 00 00 00 00 00 00 00 00 00 00 00 00 00 00 00 00 00 00 00 00 00 00
I 000000 02 81 20 36 00 32 00 90 00 A1 30 93 4E 00 00 00 00 00 00 77 A8 70 0A 00 00 00 00 00 00 00 00 00 00 00 00 00 00 00 00 00 00 00 00 00 00 00 00 00 00 00 00 00 00 00 00 00 00 00 00
I 000000 02 81 20 36 00 32 00 90 00 A1 30 96 4E 00 00 00 00 00 00 77 A8 70 0A 00 00 00 00 00 00 00 00 00 00 00 00 00 00 00 00 00 00 00 00 00 00 00 00 00 00 00 00 00 00 00 00 00 00 00 00
I 000000 02 81 20 36 00 32 00 90 00 A1 30 99 4E 00 00 00 00 00 00 78 A8 70 0A 00 00 00 00 00 00 00 00 00 00 00 00 00 00 00 00 00 00 00 00 00 00 00 00 00 00 00 00 00 00 00 00 00 00 00 00
I 000000 02 81 20 36 00 32 00 90 00 A1 30 9C 4E 00 00 00 00 00 00 78 A8 70 0A 00 00 00 00 00 00 00 00 00 00 00 00 00 00 00 00 00 00 00 00 00 00 00 00 00 00 00 00 00 00 00 00 00 00 00 00
I 000000 02 81 20 36 00 32 00 90 00 A1 30 9F 4E 00 00 00 00 00 00 78 A8 70 0A 00 00 00 00 00 00 00 00 00 00 00 00 00 00 00 00 00 00 00 00 00 00 00 00 00 00 00 00 00 00 00 00 00 00 00 00
I 000000 02 81 20 36 00 32 00 90 00 A1 30 A2 4E 00 00 00 00 00 00 78 98 70 0A 00 00 00 00 00 00 00 00 00 00 00 00 00 00 00 00 00 00 00 00 00 00 00 00 00 00 00 00 00 00 00 00 00 00 00 00
I 000000 02 81 20 36 00 32 00 90 00 A1 30 A5 4E 00 00 00 00 00 00 77 A8 70 0A 00 00 00 00 00 00 00 00 00 00 00 00 00 00 00 00 00 00 00 00 00 00 00 00 00 00 00 00 00 00 00 00 00 00 00 00
I 000000 02 81 20 36 00 32 00 90 00 A1 30 A8 4E 00 00 00 00 00 00 79 A8 70 0A 00 00 00 00 00 00 00 00 00 00 00 00 00 00 00 00 00 00 00 00 00 00 00 00 00 00 00 00 00 00 00 00 00 00 00 00
I 000000 02 81 20 36 00 32 00 90 00 A1 30 AB 4E 00 00 00 00 00 00 77 A8 70 0A 00 00 00 00 00 00 00 00 00 00 00 00 00 00 00 00 00 00 00 00 00 00 00 00 00 00 00 00 00 00 00 00 00 00 00 00
I 000000 02 81 20 36 00 32 00 90 00 A1 30 AE 4E 00 00 00 00 00 00 77 A8 70 0A 00 00 00 00 00 00 00 00 00 00 00 00 00 00 00 00 00 00 00 00 00 00 00 00 00 00 00 00 00 00 00 00 00 00 00 00
I 000000 02 81 20 36 00 32 00 90 00 A1 30 B1 4E 00 00 00 00 00 00 78 98 70 0A 00 00 00 00 00 00 00 00 00 00 00 00 00 00 00 00 00 00 00 00 00 00 00 00 00 00 00 00 00 00 00 00 00 00 00 00
I 000000 02 81 20 36 00 32 00 90 00 A1 30 B4 4E 00 00 00 00 00 00 78 98 70 0A 00 00 00 00 00 00 00 00 00 00 00 00 00 00 00 00 00 00 00 00 00 00 00 00 00 00 00 00 00 00 00 00 00 00 00 00
I 000000 02 81 20 36 00 32 00 90 00 A1 30 B7 4E 00 00 00 00 00 00 78 98 70 0A 00 00 00 00 00 00 00 00 00 00 00 00 00 00 00 00 00 00 00 00 00 00 00 00 00 00 00 00 00 00 00 00 00 00 00 00
I 000000 02 81 20 36 00 32 00 90 00 A1 30 BA 4E 00 00 00 00 00 00 77 A8 70 0A 00 00 00 00 00 00 00 00 00 00 00 00 00 00 00 00 00 00 00 00 00 00 00 00 00 00 00 00 00 00 00 00 00 00 00 00
I 000000 02 81 20 36 00 32 00 90 00 A1 30 BD 4E 00 00 00 00 00 00 78 98 70 0A 00 00 00 00 00 00 00 00 00 00 00 00 00 00 00 00 00 00 00 00 00 00 00 00 00 00 00 00 00 00 00 00 00 00 00 00
I 000000 02 81 20 36 00 32 00 90 00 A1 30 C0 4E 00 00 00 00 00 00 78 98 70 0A 00 00 00 00 00 00 00 00 00 00 00 00 00 00 00 00 00 00 00 00 00 00 00 00 00 00 00 00 00 00 00 00 00 00 00 00
I 000000 02 81 20 36 00 32 00 90 00 A1 30 C3 4E 00 00 00 00 00 00 79 98 70 0A 00 00 00 00 00 00 00 00 00 00 00 00 00 00 00 00 00 00 00 00 00 00 00 00 00 00 00 00 00 00 00 00 00 00 00 00
I 000000 02 81 20 36 00 32 00 90 00 A1 30 C6 4E 00 00 00 00 00 00 78 A8 70 0A 00 00 00 00 00 00 00 00 00 00 00 00 00 00 00 00 00 00 00 00 00 00 00 00 00 00 00 00 00 00 00 00 00 00 00 00
I 000000 02 81 20 36 00 32 00 90 00 A1 30 C9 4E 00 00 00 00 00 00 77 A8 70 0A 00 00 00 00 00 00 00 00 00 00 00 00 00 00 00 00 00 00 00 00 00 00 00 00 00 00 00 00 00 00 00 00 00 00 00 00
I 000000 02 81 20 36 00 32 00 90 00 A1 30 CC 4E 00 00 00 00 00 00 78 A8 70 0A 00 00 00 00 00 00 00 00 00 00 00 00 00 00 00 00 00 00 00 00 00 00 00 00 00 00 00 00 00 00 00 00 00 00 00 00
I 000000 02 81 20 36 00 32 00 90 00 A1 30 CF 4E 00 00 00 00 00 00 77 A8 70 0A 00 00 00 00 00 00 00 00 00 00 00 00 00 00 00 00 00 00 00 00 00 00 00 00 00 00 00 00 00 00 00 00 00 00 00 00
I 000000 02 81 20 36 00 32 00 90 00 A1 30 D2 4E 00 00 00 00 00 00 77 98 70 0A 00 00 00 00 00 00 00 00 00 00 00 00 00 00 00 00 00 00 00 00 00 00 00 00 00 00 00 00 00 00 00 00 00 00 00 00
I 000000 02 81 20 36 00 32 00 90 00 A1 30 D5 4E 00 00 00 00 00 00 77 B8 70 0A 00 00 00 00 00 00 00 00 00 00 00 00 00 00 00 00 00 00 00 00 00 00 00 00 00 00 00 00 00 00 00 00 00 00 00 00
I 000000 02 81 20 36 00 32 00 90 00 A1 30 D8 4E 00 00 00 00 00 00 76 A8 70 0A 00 00 00 00 00 00 00 00 00 00 00 00 00 00 00 00 00 00 00 00 00 00 00 00 00 00 00 00 00 00 00 00 00 00 00 00
I 000000 02 81 20 36 00 32 00 90 00 A1 30 DB 4E 00 00 00 00 00 00 77 98 70 0A 00 00 00 00 00 00 00 00 00 00 00 00 00 00 00 00 00 00 00 00 00 00 00 00 00 00 00 00 00 00 00 00 00 00 00 00
I 000000 02 81 20 36 00 32 00 90 00 A1 30 DE 4E 00 00 00 00 00 00 77 98 70 0A 00 00 00 00 00 00 00 00 00 00 00 00 00 00 00 00 00 00 00 00 00 00 00 00 00 00 00 00 00 00 00 00 00 00 00 00
I 000000 02 81 20 36 00 32 00 90 00 A1 30 E1 4E 00 00 00 00 00 00 78 A8 70 0A 00 00 00 00 00 00 00 00 00 00 00 00 00 00 00 00 00 00 00 00 00 00 00 00 00 00 00 00 00 00 00 00 00 00 00 00
I 000000 02 81 20 36 00 32 00 90 00 A1 30 E4 4E 00 00 00 00 00 00 78 98 70 0A 00 00 00 00 00 00 00 00 00 00 00 00 00 00 00 00 00 00 00 00 00 00 00 00 00 00 00 00 00 00 00 00 00 00 00 00
I 000000 02 81 20 36 00 32 00 90 00 A1 30 E7 4E 00 00 00 00 00 00 78 A8 70 0A 00 00 00 00 00 00 00 00 00 00 00 00 00 00 00 00 00 00 00 00 00 00 00 00 00 00 00 00 00 00 00 00 00 00 00 00
I 000000 02 81 20 36 00 32 00 90 00 A1 30 EA 4E 00 00 00 00 00 00 78 B8 70 0A 00 00 00 00 00 00 00 00 00 00 00 00 00 00 00 00 00 00 00 00 00 00 00 00 00 00 00 00 00 00 00 00 00 00 00 00
I 000000 02 81 20 36 00 32 00 90 00 A1 30 ED 4E 00 00 00 00 00 00 77 98 70 0A 00 00 00 00 00 00 00 00 00 00 00 00 00 00 00 00 00 00 00 00 00 00 00 00 00 00 00 00 00 00 00 00 00 00 00 00
I 000000 02 81 20 36 00 32 00 90 00 A1 30 F0 4E 00 00 00 00 00 00 78 B8 70 0A 00 00 00 00 00 00 00 00 00 00 00 00 00 00 00 00 00 00 00 00 00 00 00 00 00 00 00 00 00 00 00 00 00 00 00 00
I 000000 02 81 20 36 00 32 00 90 00 A1 30 F3 4E 00 00 00 00 00 00 76 A8 70 0A 00 00 00 00 00 00 00 00 00 00 00 00 00 00 00 00 00 00 00 00 00 00 00 00 00 00 00 00 00 00 00 00 00 00 00 00
I 000000 02 81 20 36 00 32 00 90 00 A1 30 F6 4E 00 00 00 00 00 00 78 A8 70 0A 00 00 00 00 00 00 00 00 00 00 00 00 00 00 00 00 00 00 00 00 00 00 00 00 00 00 00 00 00 00 00 00 00 00 00 00
I 000000 02 81 20 36 00 32 00 90 00 A1 30 F9 4E 00 00 00 00 00 00 78 98 70 0A 00 00 00 00 00 00 00 00 00 00 00 00 00 00 00 00 00 00 00 00 00 00 00 00 00 00 00 00 00 00 00 00 00 00 00 00
I 000000 02 81 20 36 00 32 00 90 00 A1 30 FC 4E 00 00 00 00 00 00 77 A8 70 0A 00 00 00 00 00 00 00 00 00 00 00 00 00 00 00 00 00 00 00 00 00 00 00 00 00 00 00 00 00 00 00 00 00 00 00 00
I 000000 02 81 20 36 00 32 00 90 00 A1 30 FF 4E 00 00 00 00 00 00 78 A8 70 0A 00 00 00 00 00 00 00 00 00 00 00 00 00 00 00 00 00 00 00 00 00 00 00 00 00 00 00 00 00 00 00 00 00 00 00 00
I 000000 02 81 20 36 00 32 00 90 00 A1 30 02 4E 00 00 00 00 00 00 78 A8 70 0A 00 00 00 00 00 00 00 00 00 00 00 00 00 00 00 00 00 00 00 00 00 00 00 00 00 00 00 00 00 00 00 00 00 00 00 00
I 000000 02 81 20 36 00 32 00 90 00 A1 30 05 4E 00 00 00 00 00 00 79 98 70 0A 00 00 00 00 00 00 00 00 00 00 00 00 00 00 00 00 00 00 00 00 00 00 00 00 00 00 00 00 00 00 00 00 00 00 00 00
I 000000 02 81 20 36 00 32 00 90 00 A1 30 08 4E 00 00 00 00 00 00 77 B8 70 0A 00 00 00 00 00 00 00 00 00 00 00 00 00 00 00 00 00 00 00 00 00 00 00 00 00 00 00 00 00 00 00 00 00 00 00 00
I 000000 02 81 20 36 00 32 00 90 00 A1 30 0B 4E 00 00 00 00 00 00 78 98 70 0A 00 00 00 00 00 00 00 00 00 00 00 00 00 00 00 00 00 00 00 00 00 00 00 00 00 00 00 00 00 00 00 00 00 00 00 00
I 000000 02 81 20 36 00 32 00 90 00 A1 30 0E 4E 00 00 00 00 00 00 78 98 70 0A 00 00 00 00 00 00 00 00 00 00 00 00 00 00 00 00 00 00 00 00 00 00 00 00 00 00 00 00 00 00 00 00 00 00 00 00
I 000000 02 81 20 36 00 32 00 90 00 A1 30 11 4E 00 00 00 00 00 00 78 98 70 0A 00 00 00 00 00 00 00 00 00 00 00 00 00 00 00 00 00 00 00 00 00 00 00 00 00 00 00 00 00 00 00 00 00 00 00 00
I 000000 02 81 20 36 00 32 00 90 00 A1 30 14 4E 00 00 00 00 00 00 77 98 70 0A 00 00 00 00 00 00 00 00 00 00 00 00 00 00 00 00 00 00 00 00 00 00 00 00 00 00 00 00 00 00 00 00 00 00 00 00
I 000000 02 81 20 36 00 32 00 90 00 A1 30 17 4E 00 00 00 00 00 00 78 88 70 0A 00 00 00 00 00 00 00 00 00 00 00 00 00 00 00 00 00 00 00 00 00 00 00 00 00 00 00 00 00 00 00 00 00 00 00 00
I 000000 02 81 20 36 00 32 00 90 00 A1 30 1A 4E 00 00 00 00 00 00 78 A8 70 0A 00 00 00 00 00 00 00 00 00 00 00 00 00 00 00 00 00 00 00 00 00 00 00 00 00 00 00 00 00 00 00 00 00 00 00 00
I 000000 02 81 20 36 00 32 00 90 00 A1 30 1D 4E 00 00 00 00 00 00 78 88 70 0A 00 00 00 00 00 00 00 00 00 00 00 00 00 00 00 00 00 00 00 00 00 00 00 00 00 00 00 00 00 00 00 00 00 00 00 00
I 000000 02 81 20 36 00 32 00 90 00 A1 30 20 4E 00 00 00 00 00 00 78 98 70 0A 00 00 00 00 00 00 00 00 00 00 00 00 00 00 00 00 00 00 00 00 00 00 00 00 00 00 00 00 00 00 00 00 00 00 00 00
I 000000 02 81 20 36 00 32 00 90 00 A1 30 23 4E 00 00 00 00 00 00 78 98 70 0A 00 00 00 00 00 00 00 00 00 00 00 00 00 00 00 00 00 00 00 00 00 00 00 00 00 00 00 00 00 00 00 00 00 00 00 00
I 000000 02 81 20 36 00 32 00 90 00 A1 30 26 4E 00 00 00 00 00 00 78 98 70 0A 00 00 00 00 00 00 00 00 00 00 00 00 00 00 00 00 00 00 00 00 00 00 00 00 00 00 00 00 00 00 00 00 00 00 00 00
I 000000 02 81 20 36 00 32 00 90 00 A1 30 29 4E 00 00 00 00 00 00 78 98 70 0A 00 00 00 00 00 00 00 00 00 00 00 00 00 00 00 00 00 00 00 00 00 00 00 00 00 00 00 00 00 00 00 00 00 00 00 00
I 000000 02 81 20 36 00 32 00 90 00 A1 30 2C 4E 00 00 00 00 00 00 76 A8 70 0A 00 00 00 00 00 00 00 00 00 00 00 00 00 00 00 00 00 00 00 00 00 00 00 00 00 00 00 00 00 00 00 00 00 00 00 00
I 000000 02 81 20 36 00 32 00 90 00 A1 30 2F 4E 00 00 00 00 00 00 77 98 70 0A 00 00 00 00 00 00 00 00 00 00 00 00 00 00 00 00 00 00 00 00 00 00 00 00 00 00 00 00 00 00 00 00 00 00 00 00
I 000000 02 81 20 36 00 32 00 90 00 A1 30 32 4E 00 00 00 00 00 00 78 98 70 0A 00 00 00 00 00 00 00 00 00 00 00 00 00 00 00 00 00 00 00 00 00 00 00 00 00 00 00 00 00 00 00 00 00 00 00 00
I 000000 02 81 20 36 00 32 00 90 00 A1 30 35 4E 00 00 00 00 00 00 78 98 70 0A 00 00 00 00 00 00 00 00 00 00 00 00 00 00 00 00 00 00 00 00 00 00 00 00 00 00 00 00 00 00 00 00 00 00 00 00
I 000000 02 81 20 36 00 32 00 90 00 A1 30 38 4E 00 00 00 00 00 00 78 A8 70 0A 00 00 00 00 00 00 00 00 00 00 00 00 00 00 00 00 00 00 00 00 00 00 00 00 00 00 00 00 00 00 00 00 00 00 00 00
I 000000 02 81 20 36 00 32 00 90 00 A1 30 3B 4E 00 00 00 00 00 00 78 98 70 0A 00 00 00 00 00 00 00 00 00 00 00 00 00 00 00 00 00 00 00 00 00 00 00 00 00 00 00 00 00 00 00 00 00 00 00 00
I 000000 02 81 20 36 00 32 00 90 00 A1 30 3E 4E 00 00 00 00 00 00 78 98 70 0A 00 00 00 00 00 00 00 00 00 00 00 00 00 00 00 00 00 00 00 00 00 00 00 00 00 00 00 00 00 00 00 00 00 00 00 00
I 000000 02 81 20 36 00 32 00 90 00 A1 30 41 4E 00 00 00 00 00 00 78 88 70 0A 00 00 00 00 00 00 00 00 00 00 00 00 00 00 00 00 00 00 00 00 00 00 00 00 00 00 00 00 00 00 00 00 00 00 00 00
I 000000 02 81 20 36 00 32 00 90 00 A1 30 44 4E 00 00 00 00 00 00 78 A8 70 0A 00 00 00 00 00 00 00 00 00 00 00 00 00 00 00 00 00 00 00 00 00 00 00 00 00 00 00 00 00 00 00 00 00 00 00 00
I 000000 02 81 20 36 00 32 00 90 00 A1 30 47 4E 00 00 00 00 00 00 77 A8 70 0A 00 00 00 00 00 00 00 00 00 00 00 00 00 00 00 00 00 00 00 00 00 00 00 00 00 00 00 00 00 00 00 00 00 00 00 00
I 000000 02 81 20 36 00 32 00 90 00 A1 30 4A 4E 00 00 00 00 00 00 79 98 70 0A 00 00 00 00 00 00 00 00 00 00 00 00 00 00 00 00 00 00 00 00 00 00 00 00 00 00 00 00 00 00 00 00 00 00 00 00
I 000000 02 81 20 36 00 32 00 90 00 A1 30 4D 4E 00 00 00 00 00 00 77 A8 70 0A 00 00 00 00 00 00 00 00 00 00 00 00 00 00 00 00 00 00 00 00 00 00 00 00 00 00 00 00 00 00 00 00 00 00 00 00
I 000000 02 81 20 36 00 32 00 90 00 A1 30 50 4E 00 00 00 00 00 00 77 A8 70 0A 00 00 00 00 00 00 00 00 00 00 00 00 00 00 00 00 00 00 00 00 00 00 00 00 00 00 00 00 00 00 00 00 00 00 00 00
I 000000 02 81 20 36 00 32 00 90 00 A1 30 53 4E 00 00 00 00 00 00 77 B8 70 0A 00 00 00 00 00 00 00 00 00 00 00 00 00 00 00 00 00 00 00 00 00 00 00 00 00 00 00 00 00 00 00 00 00 00 00 00
I 000000 02 81 20 36 00 32 00 90 00 A1 30 56 4E 00 00 00 00 00 00 78 98 70 0A 00 00 00 00 00 00 00 00 00 00 00 00 00 00 00 00 00 00 00 00 00 00 00 00 00 00 00 00 00 00 00 00 00 00 00 00
I 000000 02 81 20 36 00 32 00 90 00 A1 30 59 4E 00 00 00 00 00 00 77 A8 70 0A 00 00 00 00 00 00 00 00 00 00 00 00 00 00 00 00 00 00 00 00 00 00 00 00 00 00 00 00 00 00 00 00 00 00 00 00
I 000000 02 81 20 36 00 32 00 90 00 A1 30 5C 4E 00 00 00 00 00 00 77 A8 70 0A 00 00 00 00 00 00 00 00 00 00 00 00 00 00 00 00 00 00 00 00 00 00 00 00 00 00 00 00 00 00 00 00 00 00 00 00
I 000000 02 81 20 36 00 32 00 90 00 A1 30 5F 4E 00 00 00 00 00 00 78 88 70 0A 00 00 00 00 00 00 00 00 00 00 00 00 00 00 00 00 00 00 00 00 00 00 00 00 00 00 00 00 00 00 00 00 00 00 00 00
I 000000 02 81 20 36 00 32 00 90 00 A1 30 62 4E 00 00 00 00 00 00 77 98 70 0A 00 00 00 00 00 00 00 00 00 00 00 00 00 00 00 00 00 00 00 00 00 00 00 00 00 00 00 00 00 00 00 00 00 00 00 00
I 000000 02 81 20 36 00 32 00 90 00 A1 30 65 4E 00 00 00 00 00 00 77 A8 70 0A 00 00 00 00 00 00 00 00 00 00 00 00 00 00 00 00 00 00 00 00 00 00 00 00 00 00 00 00 00 00 00 00 00 00 00 00
I 000000 02 81 20 36 00 32 00 90 00 A1 30 68 4E 00 00 00 00 00 00 78 A8 70 0A 00 00 00 00 00 00 00 00 00 00 00 00 00 00 00 00 00 00 00 00 00 00 00 00 00 00 00 00 00 00 00 00 00 00 00 00
I 000000 02 81 20 36 00 32 00 90 00 A1 30 6B 4E 00 00 00 00 00 00 78 98 70 0A 00 00 00 00 00 00 00 00 00 00 00 00 00 00 00 00 00 00 00 00 00 00 00 00 00 00 00 00 00 00 00 00 00 00 00 00
I 000000 02 81 20 36 00 32 00 90 00 A1 30 6E 4E 00 00 00 00 00 00 78 98 70 0A 00 00 00 00 00 00 00 00 00 00 00 00 00 00 00 00 00 00 00 00 00 00 00 00 00 00 00 00 00 00 00 00 00 00 00 00
I 000000 02 81 20 36 00 32 00 90 00 A1 30 71 4E 00 00 00 00 00 00 77 98 70 0A 00 00 00 00 00 00 00 00 00 00 00 00 00 00 00 00 00 00 00 00 00 00 00 00 00 00 00 00 00 00 00 00 00 00 00 00
I 000000 02 81 20 36 00 32 00 90 00 A1 30 74 4E 00 00 00 00 00 00 78 A8 70 0A 00 00 00 00 00 00 00 00 00 00 00 00 00 00 00 00 00 00 00 00 00 00 00 00 00 00 00 00 00 00 00 00 00 00 00 00
I 000000 02 81 20 36 00 32 00 90 00 A1 30 77 4E 00 00 00 00 00 00 78 A8 70 0A 00 00 00 00 00 00 00 00 00 00 00 00 00 00 00 00 00 00 00 00 00 00 00 00 00 00 00 00 00 00 00 00 00 00 00 00
I 000000 02 81 20 36 00 32 00 90 00 A1 30 7A 4E 00 00 00 00 00 00 78 98 70 0A 00 00 00 00 00 00 00 00 00 00 00 00 00 00 00 00 00 00 00 00 00 00 00 00 00 00 00 00 00 00 00 00 00 00 00 00
I 000000 02 81 20 36 00 32 00 90 00 A1 30 7D 4E 00 00 00 00 00 00 79 A8 70 0A 00 00 00 00 00 00 00 00 00 00 00 00 00 00 00 00 00 00 00 00 00 00 00 00 00 00 00 00 00 00 00 00 00 00 00 00
I 000000 02 81 20 36 00 32 00 90 00 A1 30 80 4E 00 00 00 00 00 00 77 98 70 0A 00 00 00 00 00 00 00 00 00 00 00 00 00 00 00 00 00 00 00 00 00 00 00 00 00 00 00 00 00 00 00 00 00 00 00 00
I 000000 02 81 20 36 00 32 00 90 00 A1 30 83 4E 00 00 00 00 00 00 78 A8 70 0A 00 00 00 00 00 00 00 00 00 00 00 00 00 00 00 00 00 00 00 00 00 00 00 00 00 00 00 00 00 00 00 00 00 00 00 00
I 000000 02 81 20 36 00 32 00 90 00 A1 30 86 4E 00 00 00 00 00 00 78 98 70 0A 00 00 00 00 00 00 00 00 00 00 00 00 00 00 00 00 00 00 00 00 00 00 00 00 00 00 00 00 00 00 00 00 00 00 00 00
I 000000 02 81 20 36 00 32 00 90 00 A1 30 89 4E 00 00 00 00 00 00 78 A8 70 0A 00 00 00 00 00 00 00 00 00 00 00 00 00 00 00 00 00 00 00 00 00 00 00 00 00 00 00 00 00 00 00 00 00 00 00 00
I 000000 02 81 20 36 00 32 00 90 00 A1 30 8C 4E 00 00 00 00 00 00 78 98 70 0A 00 00 00 00 00 00 00 00 00 00 00 00 00 00 00 00 00 00 00 00 00 00 00 00 00 00 00 00 00 00 00 00 00 00 00 00
I 000000 02 81 20 36 00 32 00 90 00 A1 30 8F 4E 00 00 00 00 00 00 77 98 70 0A 00 00 00 00 00 00 00 00 00 00 00 00 00 00 00 00 00 00 00 00 00 00 00 00 00 00 00 00 00 00 00 00 00 00 00 00
I 000000 02 81 20 36 00 32 00 90 00 A1 30 92 4E 00 00 00 00 00 00 78 A8 70 0A 00 00 00 00 00 00 00 00 00 00 00 00 00 00 00 00 00 00 00 00 00 00 00 00 00 00 00 00 00 00 00 00 00 00 00 00
I 000000 02 81 20 36 00 32 00 90 00 A1 30 95 4E 00 00 00 00 00 00 77 98 70 0A 00 00 00 00 00 00 00 00 00 00 00 00 00 00 00 00 00 00 00 00 00 00 00 00 00 00 00 00 00 00 00 00 00 00 00 00
I 000000 02 81 20 36 00 32 00 90 00 A1 30 98 4E 00 00 00 00 00 00 78 A8 70 0A 00 00 00 00 00 00 00 00 00 00 00 00 00 00 00 00 00 00 00 00 00 00 00 00 00 00 00 00 00 00 00 00 00 00 00 00
I 000000 02 81 20 36 00 32 00 90 00 A1 30 9B 4E 00 00 00 00 00 00 78 A8 70 0A 00 00 00 00 00 00 00 00 00 00 00 00 00 00 00 00 00 00 00 00 00 00 00 00 00 00 00 00 00 00 00 00 00 00 00 00
I 000000 02 81 20 36 00 32 00 90 00 A1 30 9E 4E 00 00 00 00 00 00 77 98 70 0A 00 00 00 00 00 00 00 00 00 00 00 00 00 00 00 00 00 00 00 00 00 00 00 00 00 00 00 00 00 00 00 00 00 00 00 00
I 000000 02 81 20 36 00 32 00 90 00 A1 30 A1 4E 00 00 00 00 00 00 77 98 70 0A 00 00 00 00 00 00 00 00 00 00 00 00 00 00 00 00 00 00 00 00 00 00 00 00 00 00 00 00 00 00 00 00 00 00 00 00
I 000000 02 81 20 36 00 32 00 90 00 A1 30 A4 4E 00 00 00 00 00 00 77 A8 70 0A 00 00 00 00 00 00 00 00 00 00 00 00 00 00 00 00 00 00 00 00 00 00 00 00 00 00 00 00 00 00 00 00 00 00 00 00
I 000000 02 81 20 36 00 32 00 90 00 A1 30 A7 4E 00 00 00 00 00 00 78 C8 70 0A 00 00 00 00 00 00 00 00 00 00 00 00 00 00 00 00 00 00 00 00 00 00 00 00 00 00 00 00 00 00 00 00 00 00 00 00
I 000000 02 81 20 36 00 32 00 90 00 A1 30 AA 4E 00 00 00 00 00 00 77 98 70 0A 00 00 00 00 00 00 00 00 00 00 00 00 00 00 00 00 00 00 00 00 00 00 00 00 00 00 00 00 00 00 00 00 00 00 00 00
I 000000 02 81 20 36 00 32 00 90 00 A1 30 AD 4E 00 00 00 00 00 00 77 A8 70 0A 00 00 00 00 00 00 00 00 00 00 00 00 00 00 00 00 00 00 00 00 00 00 00 00 00 00 00 00 00 00 00 00 00 00 00 00
I 000000 02 81 20 36 00 32 00 90 00 A1 30 B0 4E 00 00 00 00 00 00 77 A8 70 0A 00 00 00 00 00 00 00 00 00 00 00 00 00 00 00 00 00 00 00 00 00 00 00 00 00 00 00 00 00 00 00 00 00 00 00 00
I 000000 02 81 20 36 00 32 00 90 00 A1 30 B3 4E 00 00 00 00 00 00 77 A8 70 0A 00 00 00 00 00 00 00 00 00 00 00 00 00 00 00 00 00 00 00 00 00 00 00 00 00 00 00 00 00 00 00 00 00 00 00 00
I 000000 02 81 20 36 00 32 00 90 00 A1 30 B6 4E 00 00 00 00 00 00 79 A8 70 0A 00 00 00 00 00 00 00 00 00 00 00 00 00 00 00 00 00 00 00 00 00 00 00 00 00 00 00 00 00 00 00 00 00 00 00 00
I 000000 02 81 20 36 00 32 00 90 00 A1 30 B9 4E 00 00 00 00 00 00 78 A8 70 0A 00 00 00 00 00 00 00 00 00 00 00 00 00 00 00 00 00 00 00 00 00 00 00 00 00 00 00 00 00 00 00 00 00 00 00 00
I 000000 02 81 20 36 00 32 00 90 00 A1 30 BC 4E 00 00 00 00 00 00 78 B8 70 0A 00 00 00 00 00 00 00 00 00 00 00 00 00 00 00 00 00 00 00 00 00 00 00 00 00 00 00 00 00 00 00 00 00 00 00 00
I 000000 02 81 20 36 00 32 00 90 00 A1 30 BF 4E 00 00 00 00 00 00 78 98 70 0A 00 00 00 00 00 00 00 00 00 00 00 00 00 00 00 00 00 00 00 00 00 00 00 00 00 00 00 00 00 00 00 00 00 00 00 00
I 000000 02 81 20 36 00 32 00 90 00 A1 30 C2 4E 00 00 00 00 00 00 78 A8 70 0A 00 00 00 00 00 00 00 00 00 00 00 00 00 00 00 00 00 00 00 00 00 00 00 00 00 00 00 00 00 00 00 00 00 00 00 00
I 000000 02 81 20 36 00 32 00 90 00 A1 30 C5 4E 00 00 00 00 00 00 79 A8 70 0A 00 00 00 00 00 00 00 00 00 00 00 00 00 00 00 00 00 00 00 00 00 00 00 00 00 00 00 00 00 00 00 00 00 00 00 00
I 000000 02 81 20 36 00 32 00 90 00 A1 30 C8 4E 00 00 00 00 00 00 77 A8 70 0A 00 00 00 00 00 00 00 00 00 00 00 00 00 00 00 00 00 00 00 00 00 00 00 00 00 00 00 00 00 00 00 00 00 00 00 00
I 000000 02 81 20 36 00 32 00 90 00 A1 30 CB 4E 00 00 00 00 00 00 78 98 70 0A 00 00 00 00 00 00 00 00 00 00 00 00 00 00 00 00 00 00 00 00 00 00 00 00 00 00 00 00 00 00 00 00 00 00 00 00
I 000000 02 81 20 36 00 32 00 90 00 A1 30 CE 4E 00 00 00 00 00 00 77 B8 70 0A 00 00 00 00 00 00 00 00 00 00 00 00 00 00 00 00 00 00 00 00 00 00 00 00 00 00 00 00 00 00 00 00 00 00 00 00
I 000000 02 81 20 36 00 32 00 90 00 A1 30 D1 4E 00 00 00 00 00 00 77 98 70 0A 00 00 00 00 00 00 00 00 00 00 00 00 00 00 00 00 00 00 00 00 00 00 00 00 00 00 00 00 00 00 00 00 00 00 00 00
I 000000 02 81 20 36 00 32 00 90 00 A1 30 D4 4E 00 00 00 00 00 00 78 A8 70 0A 00 00 00 00 00 00 00 00 00 00 00 00 00 00 00 00 00 00 00 00 00 00 00 00 00 00 00 00 00 00 00 00 00 00 00 00
# bt_host_disconnect_all BOOT SW pressed, DISCONN all devices!
# bt_hci_cmd_disconnect
O 000000 01 06 04 03 81 00 15
I 000000 04 0F 04 00 05 06 04
# BT_HCI_EVT_CMD_STATUS
I 000000 02 81 20 36 00 32 00 90 00 A1 30 D7 4E 00 00 00 00 00 00 77 A8 70 0A 00 00 00 00 00 00 00 00 00 00 00 00 00 00 00 00 00 00 00 00 00 00 00 00 00 00 00 00 00 00 00 00 00 00 00 00
I 000000 04 14 06 00 81 00 00 00 00
# bt_host_task dev: 0 report stalled
# bt_hci_cmd_exit_sniff_mode
O 000000 01 04 08 02 81 00
I 000000 04 0F 04 0C 05 04 08
# BT_HCI_EVT_CMD_STATUS
# opcode: 0x0804 error: 0x0C
I 000000 04 05 04 00 81 00 16
# BT_HCI_EVT_DISCONN_COMPLETE
# DISCONN from dev: 0
# bt_hci_cmd_le_set_scan_enable
# bt_hci_cmd_le_set_scan_param_active
# bt_hci_cmd_le_set_scan_enable
# bt_hci_cmd_periodic_inquiry
# bt_hci_cmd_le_set_adv_enable
O 000000 01 0C 20 02 00 01
I 000000 04 0E 04 05 0C 20 00
# BT_HCI_EVT_CMD_COMPLETE
O 000000 01 0B 20 07 01 24 00 12 00 00 00
I 000000 04 0E 04 05 0B 20 00
# BT_HCI_EVT_CMD_COMPLETE
O 000000 01 0C 20 02 01 01
I 000000 04 0E 04 05 0C 20 00
# BT_HCI_EVT_CMD_COMPLETE
O 000000 01 03 04 09 0A 00 08 00 33 8B 9E 03 FF
I 000000 04 0E 04 05 03 04 00
# BT_HCI_EVT_CMD_COMPLETE
O 000000 01 0A 20 01 01
I 000000 04 0E 04 05 0A 20 00
# BT_HCI_EVT_CMD_COMPLETE
I 000000 04 3E 2B 02 01 03 01 C5 4F 92 06 29 2B 1F 1E FF 06 00 01 0F 20 02 75 74 92 F7 55 DA 31 F1 1E 67 E9 CA 15 24 91 9F A7 F6 4E A6 89 A2 2B AB
# BT_HCI_EVT_LE_ADVERTISING_REPORT
I 000000 04 3E 1B 02 01 03 01 FE 64 04 DD EB 14 0F 02 01 1A 0B FF 4C 00 09 06 03 66 C0 A8 56 D5 C5
# BT_HCI_EVT_LE_ADVERTISING_REPORT
I 000000 04 3E 28 02 01 02 01 22 1B CD E3 67 5B 1C 03 03 9F FE 17 16 9F FE 00 00 00 00 00 00 00 00 00 00 00 00 00 00 00 00 00 00 00 00 BE
# BT_HCI_EVT_LE_ADVERTISING_REPORT
I 000000 04 3E 16 02 01 04 01 22 1B CD E3 67 5B 0A 09 FF E0 00 56 A8 CA 87 56 E9 BF
# BT_HCI_EVT_LE_ADVERTISING_REPORT
I 000000 04 3E 1D 02 01 00 00 36 12 57 EC B3 F0 11 02 01 1A 02 0A 04 0A FF 4C 00 10 05 01 10 F2 88 78 C4
# BT_HCI_EVT_LE_ADVERTISING_REPORT
I 000000 04 3E 0C 02 01 04 00 36 12 57 EC B3 F0 00 C5
# BT_HCI_EVT_LE_ADVERTISING_REPORT
I 000000 04 3E 28 02 01 02 01 DC 75 9B ED 1E 79 1C 03 03 9F FE 17 16 9F FE 00 00 00 00 00 00 00 00 00 00 00 00 00 00 00 00 00 00 00 00 B5
# BT_HCI_EVT_LE_ADVERTISING_REPORT
I 000000 04 3E 16 02 01 04 01 DC 75 9B ED 1E 79 0A 09 FF E0 00 56 CB CA 82 5B 44 B5
# BT_HCI_EVT_LE_ADVERTISING_REPORT
I 000000 04 3E 2B 02 01 03 01 ED 03 5C 1A BA 78 1F 1E FF 06 00 01 09 20 02 31 E1 B2 27 29 3B C9 55 05 0D 54 78 3C D7 DA 29 54 28 F4 C8 C7 21 2D B3
# BT_HCI_EVT_LE_ADVERTISING_REPORT
I 000000 04 3E 1D 02 01 00 00 20 A3 69 CD 69 C8 11 02 01 1A 02 0A 0C 0A FF 4C 00 10 05 09 14 23 39 7C 9C
# BT_HCI_EVT_LE_ADVERTISING_REPORT
I 000000 04 3E 29 02 01 02 01 36 9C 9D 92 25 76 1D 02 01 1A 09 FF C4 00 1B 33 14 12 16 80 02 0A D4 03 03 B9 FE 08 1B 00 99 3B D4 86 2F 40 9F
# BT_HCI_EVT_LE_ADVERTISING_REPORT
I 000000 04 3E 1A 02 01 04 01 36 9C 9D 92 25 76 0E 0A 09 50 C3 A9 70 69 6E 20 54 56 02 0A D4 A0
# BT_HCI_EVT_LE_ADVERTISING_REPORT
I 000000 04 3E 28 02 01 02 01 BE 0B FC 69 21 70 1C 03 03 9F FE 17 16 9F FE 00 00 00 00 00 00 00 00 00 00 00 00 00 00 00 00 00 00 00 00 A5
# BT_HCI_EVT_LE_ADVERTISING_REPORT
I 000000 04 3E 16 02 01 04 01 BE 0B FC 69 21 70 0A 09 FF E0 00 56 17 CA 55 5C 71 A7
# BT_HCI_EVT_LE_ADVERTISING_REPORT
I 000000 04 3E 1B 02 01 03 01 31 4A 8A AC FF 14 0F 02 01 1A 0B FF 4C 00 09 06 03 04 C0 A8 01 08 A0
# BT_HCI_EVT_LE_ADVERTISING_REPORT
I 000000 04 3E 0C 02 01 04 00 20 A3 69 CD 69 C8 00 A2
# BT_HCI_EVT_LE_ADVERTISING_REPORT
I 000000 04 01 01 00
# BT_HCI_EVT_INQUIRY_COMPLETE
I 000000 04 3E 28 02 01 02 01 BD AE 81 85 10 7B 1C 03 03 9F FE 17 16 9F FE 00 00 00 00 00 00 00 00 00 00 00 00 00 00 00 00 00 00 00 00 9D
# BT_HCI_EVT_LE_ADVERTISING_REPORT
I 000000 04 3E 16 02 01 04 01 BD AE 81 85 10 7B 0A 09 FF E0 00 32 AE CA 32 83 3D A0
# BT_HCI_EVT_LE_ADVERTISING_REPORT
I 000000 04 3E 28 02 01 02 01 B7 2C 67 48 26 6D 1C 03 03 9F FE 17 16 9F FE 00 00 00 00 00 00 00 00 00 00 00 00 00 00 00 00 00 00 00 00 B3
# BT_HCI_EVT_LE_ADVERTISING_REPORT
I 000000 04 3E 16 02 01 04 01 B7 2C 67 48 26 6D 0A 09 FF E0 00 56 19 CA 90 F4 40 B4
# BT_HCI_EVT_LE_ADVERTISING_REPORT
# bt_hci_cmd_exit_periodic_inquiry
O 000000 01 04 04 00
I 000000 04 0E 04 05 04 04 00
# BT_HCI_EVT_CMD_COMPLETE
# bt_hci_cmd_le_set_scan_enable
O 000000 01 0C 20 02 00 01
I 000000 04 0E 04 05 0C 20 00
# BT_HCI_EVT_CMD_COMPLETE
# bt_hci_cmd_le_set_scan_param_passive
O 000000 01 0B 20 07 00 00 04 12 00 00 01
I 000000 04 0E 04 05 0B 20 00
# BT_HCI_EVT_CMD_COMPLETE
# bt_hci_cmd_le_set_scan_enable
O 000000 01 0C 20 02 01 01
I 000000 04 0E 04 05 0C 20 00
# BT_HCI_EVT_CMD_COMPLETE
